161 points
    13.333333    0.000000    80.000000
    13.333333    1.000000    80.000000
    13.333333    2.000000    80.000000
    13.333333    3.000000    80.000000
    13.333333    4.000000    80.000000
    13.333333    5.000000    80.000000
    13.333333    6.000000    80.000000
    13.333333    7.000000    80.000000
    13.333333    8.000000    80.000000
    13.333333    9.000000    80.000000
    13.333333    10.000000    80.000000
    13.333333    11.000000    80.000000
    13.333333    12.000000    80.000000
    13.333333    13.000000    80.000000
    13.333333    14.000000    80.000000
    13.333333    15.000000    80.000000
    13.333333    16.000000    80.000000
    13.333333    17.000000    80.000000
    13.333333    18.000000    80.000000
    13.333333    19.000000    80.000000
    13.333333    20.000000    80.000000
    13.333333    21.000000    80.000000
    13.333333    22.000000    80.000000
    13.333333    23.000000    80.000000
    13.333333    24.000000    80.000000
    13.333333    25.000000    80.000000
    13.333333    26.000000    80.000000
    13.333333    27.000000    80.000000
    13.333333    28.000000    80.000000
    13.333333    29.000000    80.000000
    13.333333    30.000000    80.000000
    13.333333    31.000000    80.000000
    13.333333    32.000000    80.000000
    13.333333    33.000000    80.000000
    13.333333    34.000000    80.000000
    13.333333    35.000000    80.000000
    13.333333    36.000000    80.000000
    13.333333    37.000000    80.000000
    13.333333    38.000000    80.000000
    13.333333    39.000000    80.000000
    13.333333    40.000000    80.000000
    13.333333    41.000000    80.000000
    13.333333    42.000000    80.000000
    13.333333    43.000000    80.000000
    13.333333    44.000000    80.000000
    13.333333    45.000000    80.000000
    13.333333    46.000000    80.000000
    13.333333    47.000000    80.000000
    13.333333    48.000000    80.000000
    13.333333    49.000000    80.000000
    13.333333    50.000000    80.000000
    13.333333    51.000000    80.000000
    13.333333    52.000000    80.000000
    13.333333    53.000000    80.000000
    13.333333    54.000000    80.000000
    13.333333    55.000000    80.000000
    13.333333    56.000000    80.000000
    13.333333    57.000000    80.000000
    13.333333    58.000000    80.000000
    13.333333    59.000000    80.000000
    13.333333    60.000000    80.000000
    13.333333    61.000000    80.000000
    13.333333    62.000000    80.000000
    13.333333    63.000000    80.000000
    13.333333    64.000000    80.000000
    13.333333    65.000000    80.000000
    13.333333    66.000000    80.000000
    13.333333    67.000000    80.000000
    13.333333    68.000000    80.000000
    13.333333    69.000000    80.000000
    13.333333    70.000000    80.000000
    13.333333    71.000000    80.000000
    13.333333    72.000000    80.000000
    13.333333    73.000000    80.000000
    13.333333    74.000000    80.000000
    13.333333    75.000000    80.000000
    13.333333    76.000000    80.000000
    13.333333    77.000000    80.000000
    13.333333    78.000000    80.000000
    13.333333    79.000000    80.000000
    13.333333    80.000000    80.000000
    13.333333    81.000000    80.000000
    13.333333    82.000000    80.000000
    13.333333    83.000000    80.000000
    13.333333    84.000000    80.000000
    13.333333    85.000000    80.000000
    13.333333    86.000000    80.000000
    13.333333    87.000000    80.000000
    13.333333    88.000000    80.000000
    13.333333    89.000000    80.000000
    13.333333    90.000000    80.000000
    13.333333    91.000000    80.000000
    13.333333    92.000000    80.000000
    13.333333    93.000000    80.000000
    13.333333    94.000000    80.000000
    13.333333    95.000000    80.000000
    13.333333    96.000000    80.000000
    13.333333    97.000000    80.000000
    13.333333    98.000000    80.000000
    13.333333    99.000000    80.000000
    13.333333    100.000000    80.000000
    13.333333    101.000000    80.000000
    13.333333    102.000000    80.000000
    13.333333    103.000000    80.000000
    13.333333    104.000000    80.000000
    13.333333    105.000000    80.000000
    13.333333    106.000000    80.000000
    13.333333    107.000000    80.000000
    13.333333    108.000000    80.000000
    13.333333    109.000000    80.000000
    13.333333    110.000000    80.000000
    13.333333    111.000000    80.000000
    13.333333    112.000000    80.000000
    13.333333    113.000000    80.000000
    13.333333    114.000000    80.000000
    13.333333    115.000000    80.000000
    13.333333    116.000000    80.000000
    13.333333    117.000000    80.000000
    13.333333    118.000000    80.000000
    13.333333    119.000000    80.000000
    13.333333    120.000000    80.000000
    13.333333    121.000000    80.000000
    13.333333    122.000000    80.000000
    13.333333    123.000000    80.000000
    13.333333    124.000000    80.000000
    13.333333    125.000000    80.000000
    13.333333    126.000000    80.000000
    13.333333    127.000000    80.000000
    13.333333    128.000000    80.000000
    13.333333    129.000000    80.000000
    13.333333    130.000000    80.000000
    13.333333    131.000000    80.000000
    13.333333    132.000000    80.000000
    13.333333    133.000000    80.000000
    13.333333    134.000000    80.000000
    13.333333    135.000000    80.000000
    13.333333    136.000000    80.000000
    13.333333    137.000000    80.000000
    13.333333    138.000000    80.000000
    13.333333    139.000000    80.000000
    13.333333    140.000000    80.000000
    13.333333    141.000000    80.000000
    13.333333    142.000000    80.000000
    13.333333    143.000000    80.000000
    13.333333    144.000000    80.000000
    13.333333    145.000000    80.000000
    13.333333    146.000000    80.000000
    13.333333    147.000000    80.000000
    13.333333    148.000000    80.000000
    13.333333    149.000000    80.000000
    13.333333    150.000000    80.000000
    13.333333    151.000000    80.000000
    13.333333    152.000000    80.000000
    13.333333    153.000000    80.000000
    13.333333    154.000000    80.000000
    13.333333    155.000000    80.000000
    13.333333    156.000000    80.000000
    13.333333    157.000000    80.000000
    13.333333    158.000000    80.000000
    13.333333    159.000000    80.000000
    13.333333    160.000000    80.000000
