((points point 400)
(x
-928.00000000
-928.00000000
-928.00000000
-928.00000000
-928.00000000
-928.00000000
-928.00000000
-928.00000000
-928.00000000
-928.00000000
-928.00000000
-928.00000000
-928.00000000
-928.00000000
-928.00000000
-928.00000000
-928.00000000
-928.00000000
-928.00000000
-928.00000000
-928.00000000
-928.00000000
-928.00000000
-928.00000000
-928.00000000
-928.00000000
-928.00000000
-928.00000000
-928.00000000
-928.00000000
-928.00000000
-928.00000000
-928.00000000
-928.00000000
-928.00000000
-928.00000000
-928.00000000
-928.00000000
-928.00000000
-928.00000000
-928.00000000
-928.00000000
-928.00000000
-928.00000000
-928.00000000
-928.00000000
-928.00000000
-928.00000000
-928.00000000
-928.00000000
-928.00000000
-928.00000000
-928.00000000
-928.00000000
-928.00000000
-928.00000000
-928.00000000
-928.00000000
-928.00000000
-928.00000000
-928.00000000
-928.00000000
-928.00000000
-928.00000000
-928.00000000
-928.00000000
-928.00000000
-928.00000000
-928.00000000
-928.00000000
-928.00000000
-928.00000000
-928.00000000
-928.00000000
-928.00000000
-928.00000000
-928.00000000
-928.00000000
-928.00000000
-928.00000000
-928.00000000
-928.00000000
-928.00000000
-928.00000000
-928.00000000
-928.00000000
-928.00000000
-928.00000000
-928.00000000
-928.00000000
-928.00000000
-928.00000000
-928.00000000
-928.00000000
-928.00000000
-928.00000000
-928.00000000
-928.00000000
-928.00000000
-928.00000000
-928.00000000
-928.00000000
-928.00000000
-928.00000000
-928.00000000
-928.00000000
-928.00000000
-928.00000000
-928.00000000
-928.00000000
-928.00000000
-928.00000000
-928.00000000
-928.00000000
-928.00000000
-928.00000000
-928.00000000
-928.00000000
-928.00000000
-928.00000000
-928.00000000
-928.00000000
-928.00000000
-928.00000000
-928.00000000
-928.00000000
-928.00000000
-928.00000000
-928.00000000
-928.00000000
-928.00000000
-928.00000000
-928.00000000
-928.00000000
-928.00000000
-928.00000000
-928.00000000
-928.00000000
-928.00000000
-928.00000000
-928.00000000
-928.00000000
-928.00000000
-928.00000000
-928.00000000
-928.00000000
-928.00000000
-928.00000000
-928.00000000
-928.00000000
-928.00000000
-928.00000000
-928.00000000
-928.00000000
-928.00000000
-928.00000000
-928.00000000
-928.00000000
-928.00000000
-928.00000000
-928.00000000
-928.00000000
-928.00000000
-928.00000000
-928.00000000
-928.00000000
-928.00000000
-928.00000000
-928.00000000
-928.00000000
-928.00000000
-928.00000000
-928.00000000
-928.00000000
-928.00000000
-928.00000000
-928.00000000
-928.00000000
-928.00000000
-928.00000000
-928.00000000
-928.00000000
-928.00000000
-928.00000000
-928.00000000
-928.00000000
-928.00000000
-928.00000000
-928.00000000
-928.00000000
-928.00000000
-928.00000000
-928.00000000
-928.00000000
-928.00000000
-928.00000000
-928.00000000
-928.00000000
-928.00000000
-928.00000000
-928.00000000
-928.00000000
-928.00000000
-928.00000000
-928.00000000
-928.00000000
-928.00000000
-928.00000000
-928.00000000
-928.00000000
-928.00000000
-928.00000000
-928.00000000
-928.00000000
-928.00000000
-928.00000000
-928.00000000
-928.00000000
-928.00000000
-928.00000000
-928.00000000
-928.00000000
-928.00000000
-928.00000000
-928.00000000
-928.00000000
-928.00000000
-928.00000000
-928.00000000
-928.00000000
-928.00000000
-928.00000000
-928.00000000
-928.00000000
-928.00000000
-928.00000000
-928.00000000
-928.00000000
-928.00000000
-928.00000000
-928.00000000
-928.00000000
-928.00000000
-928.00000000
-928.00000000
-928.00000000
-928.00000000
-928.00000000
-928.00000000
-928.00000000
-928.00000000
-928.00000000
-928.00000000
-928.00000000
-928.00000000
-928.00000000
-928.00000000
-928.00000000
-928.00000000
-928.00000000
-928.00000000
-928.00000000
-928.00000000
-928.00000000
-928.00000000
-928.00000000
-928.00000000
-928.00000000
-928.00000000
-928.00000000
-928.00000000
-928.00000000
-928.00000000
-928.00000000
-928.00000000
-928.00000000
-928.00000000
-928.00000000
-928.00000000
-928.00000000
-928.00000000
-928.00000000
-928.00000000
-928.00000000
-928.00000000
-928.00000000
-928.00000000
-928.00000000
-928.00000000
-928.00000000
-928.00000000
-928.00000000
-928.00000000
-928.00000000
-928.00000000
-928.00000000
-928.00000000
-928.00000000
-928.00000000
-928.00000000
-928.00000000
-928.00000000
-928.00000000
-928.00000000
-928.00000000
-928.00000000
-928.00000000
-928.00000000
-928.00000000
-928.00000000
-928.00000000
-928.00000000
-928.00000000
-928.00000000
-928.00000000
-928.00000000
-928.00000000
-928.00000000
-928.00000000
-928.00000000
-928.00000000
-928.00000000
-928.00000000
-928.00000000
-928.00000000
-928.00000000
-928.00000000
-928.00000000
-928.00000000
-928.00000000
-928.00000000
-928.00000000
-928.00000000
-928.00000000
-928.00000000
-928.00000000
-928.00000000
-928.00000000
-928.00000000
-928.00000000
-928.00000000
-928.00000000
-928.00000000
-928.00000000
-928.00000000
-928.00000000
-928.00000000
-928.00000000
-928.00000000
-928.00000000
-928.00000000
-928.00000000
-928.00000000
-928.00000000
-928.00000000
-928.00000000
-928.00000000
-928.00000000
-928.00000000
-928.00000000
-928.00000000
-928.00000000
-928.00000000
-928.00000000
-928.00000000
-928.00000000
-928.00000000
-928.00000000
-928.00000000
-928.00000000
-928.00000000
-928.00000000
-928.00000000
-928.00000000
-928.00000000
-928.00000000
-928.00000000
-928.00000000
-928.00000000
-928.00000000
-928.00000000
-928.00000000
-928.00000000
-928.00000000
-928.00000000
-928.00000000
-928.00000000
-928.00000000
-928.00000000
-928.00000000
-928.00000000
-928.00000000
-928.00000000
-928.00000000
-928.00000000
-928.00000000
-928.00000000
-928.00000000
-928.00000000
-928.00000000
)
(y
0.00000000
0.18128571
0.36257143
0.54385714
0.72514286
0.90642857
1.08771429
1.26900000
1.45028571
1.63157143
1.81285714
1.99414286
2.17542857
2.35671429
2.53800000
2.71928571
2.90057143
3.08185714
3.26314286
3.44442857
3.62571429
3.80700000
3.98828571
4.16957143
4.35085714
4.53214286
4.71342857
4.89471429
5.07600000
5.25728571
5.43857143
5.61985714
5.80114286
5.98242857
6.16371429
6.34500000
6.52628571
6.70757143
6.88885714
7.07014286
7.25142857
7.43271429
7.61400000
7.79528571
7.97657143
8.15785714
8.33914286
8.52042857
8.70171429
8.88300000
9.06428571
9.24557143
9.42685714
9.60814286
9.78942857
9.97071429
10.15200000
10.33328571
10.51457143
10.69585714
10.87714286
11.05842857
11.23971429
11.42100000
11.60228571
11.78357143
11.96485714
12.14614286
12.32742857
12.50871429
12.69000000
12.87128571
13.05257143
13.23385714
13.41514286
13.59642857
13.77771429
13.95900000
14.14028571
14.32157143
14.50285714
14.68414286
14.86542857
15.04671429
15.22800000
15.40928571
15.59057143
15.77185714
15.95314286
16.13442857
16.31571429
16.49700000
16.67828571
16.85957143
17.04085714
17.22214286
17.40342857
17.58471429
17.76600000
17.94728571
18.12857143
18.30985714
18.49114286
18.67242857
18.85371429
19.03500000
19.21628571
19.39757143
19.57885714
19.76014286
19.94142857
20.12271429
20.30400000
20.48528571
20.66657143
20.84785714
21.02914286
21.21042857
21.39171429
21.57300000
21.75428571
21.93557143
22.11685714
22.29814286
22.47942857
22.66071429
22.84200000
23.02328571
23.20457143
23.38585714
23.56714286
23.74842857
23.92971429
24.11100000
24.29228571
24.47357143
24.65485714
24.83614286
25.01742857
25.19871429
25.38000000
25.56128571
25.74257143
25.92385714
26.10514286
26.28642857
26.46771429
26.64900000
26.83028571
27.01157143
27.19285714
27.37414286
27.55542857
27.73671429
27.91800000
28.09928571
28.28057143
28.46185714
28.64314286
28.82442857
29.00571429
29.18700000
29.36828571
29.54957143
29.73085714
29.91214286
30.09342857
30.27471429
30.45600000
30.63728571
30.81857143
30.99985714
31.18114286
31.36242857
31.54371429
31.72500000
31.90628571
32.08757143
32.26885714
32.45014286
32.63142857
32.81271429
32.99400000
33.17528571
33.35657143
33.53785714
33.71914286
33.90042857
34.08171429
34.26300000
34.44428571
34.62557143
34.80685714
34.98814286
35.16942857
35.35071429
35.53200000
35.71328571
35.89457143
36.07585714
36.25714286
36.43842857
36.61971429
36.80100000
36.98228571
37.16357143
37.34485714
37.52614286
37.70742857
37.88871429
38.07000000
38.25128571
38.43257143
38.61385714
38.79514286
38.97642857
39.15771429
39.33900000
39.52028571
39.70157143
39.88285714
40.06414286
40.24542857
40.42671429
40.60800000
40.78928571
40.97057143
41.15185714
41.33314286
41.51442857
41.69571429
41.87700000
42.05828571
42.23957143
42.42085714
42.60214286
42.78342857
42.96471429
43.14600000
43.32728571
43.50857143
43.68985714
43.87114286
44.05242857
44.23371429
44.41500000
44.59628571
44.77757143
44.95885714
45.14014286
45.32142857
45.50271429
45.68400000
45.86528571
46.04657143
46.22785714
46.40914286
46.59042857
46.77171429
46.95300000
47.13428571
47.31557143
47.49685714
47.67814286
47.85942857
48.04071429
48.22200000
48.40328571
48.58457143
48.76585714
48.94714286
49.12842857
49.30971429
49.49100000
49.67228571
49.85357143
50.03485714
50.21614286
50.39742857
50.57871429
50.76000000
50.94128571
51.12257143
51.30385714
51.48514286
51.66642857
51.84771429
52.02900000
52.21028571
52.39157143
52.57285714
52.75414286
52.93542857
53.11671429
53.29800000
53.47928571
53.66057143
53.84185714
54.02314286
54.20442857
54.38571429
54.56700000
54.74828571
54.92957143
55.11085714
55.29214286
55.47342857
55.65471429
55.83600000
56.01728571
56.19857143
56.37985714
56.56114286
56.74242857
56.92371429
57.10500000
57.28628571
57.46757143
57.64885714
57.83014286
58.01142857
58.19271429
58.37400000
58.55528571
58.73657143
58.91785714
59.09914286
59.28042857
59.46171429
59.64300000
59.82428571
60.00557143
60.18685714
60.36814286
60.54942857
60.73071429
60.91200000
61.09328571
61.27457143
61.45585714
61.63714286
61.81842857
61.99971429
62.18100000
62.36228571
62.54357143
62.72485714
62.90614286
63.08742857
63.26871429
63.45000000
63.63128571
63.81257143
63.99385714
64.17514286
64.35642857
64.53771429
64.71900000
64.90028571
65.08157143
65.26285714
65.44414286
65.62542857
65.80671429
65.98800000
66.16928571
66.35057143
66.53185714
66.71314286
66.89442857
67.07571429
67.25700000
67.43828571
67.61957143
67.80085714
67.98214286
68.16342857
68.34471429
68.52600000
68.70728571
68.88857143
69.06985714
69.25114286
69.43242857
69.61371429
69.79500000
69.97628571
70.15757143
70.33885714
70.52014286
70.70142857
70.88271429
71.06400000
71.24528571
71.42657143
71.60785714
71.78914286
71.97042857
72.15171429
72.33300000
)
(z
0.00000000
0.00000000
0.00000000
0.00000000
0.00000000
0.00000000
0.00000000
0.00000000
0.00000000
0.00000000
0.00000000
0.00000000
0.00000000
0.00000000
0.00000000
0.00000000
0.00000000
0.00000000
0.00000000
0.00000000
0.00000000
0.00000000
0.00000000
0.00000000
0.00000000
0.00000000
0.00000000
0.00000000
0.00000000
0.00000000
0.00000000
0.00000000
0.00000000
0.00000000
0.00000000
0.00000000
0.00000000
0.00000000
0.00000000
0.00000000
0.00000000
0.00000000
0.00000000
0.00000000
0.00000000
0.00000000
0.00000000
0.00000000
0.00000000
0.00000000
0.00000000
0.00000000
0.00000000
0.00000000
0.00000000
0.00000000
0.00000000
0.00000000
0.00000000
0.00000000
0.00000000
0.00000000
0.00000000
0.00000000
0.00000000
0.00000000
0.00000000
0.00000000
0.00000000
0.00000000
0.00000000
0.00000000
0.00000000
0.00000000
0.00000000
0.00000000
0.00000000
0.00000000
0.00000000
0.00000000
0.00000000
0.00000000
0.00000000
0.00000000
0.00000000
0.00000000
0.00000000
0.00000000
0.00000000
0.00000000
0.00000000
0.00000000
0.00000000
0.00000000
0.00000000
0.00000000
0.00000000
0.00000000
0.00000000
0.00000000
0.00000000
0.00000000
0.00000000
0.00000000
0.00000000
0.00000000
0.00000000
0.00000000
0.00000000
0.00000000
0.00000000
0.00000000
0.00000000
0.00000000
0.00000000
0.00000000
0.00000000
0.00000000
0.00000000
0.00000000
0.00000000
0.00000000
0.00000000
0.00000000
0.00000000
0.00000000
0.00000000
0.00000000
0.00000000
0.00000000
0.00000000
0.00000000
0.00000000
0.00000000
0.00000000
0.00000000
0.00000000
0.00000000
0.00000000
0.00000000
0.00000000
0.00000000
0.00000000
0.00000000
0.00000000
0.00000000
0.00000000
0.00000000
0.00000000
0.00000000
0.00000000
0.00000000
0.00000000
0.00000000
0.00000000
0.00000000
0.00000000
0.00000000
0.00000000
0.00000000
0.00000000
0.00000000
0.00000000
0.00000000
0.00000000
0.00000000
0.00000000
0.00000000
0.00000000
0.00000000
0.00000000
0.00000000
0.00000000
0.00000000
0.00000000
0.00000000
0.00000000
0.00000000
0.00000000
0.00000000
0.00000000
0.00000000
0.00000000
0.00000000
0.00000000
0.00000000
0.00000000
0.00000000
0.00000000
0.00000000
0.00000000
0.00000000
0.00000000
0.00000000
0.00000000
0.00000000
0.00000000
0.00000000
0.00000000
0.00000000
0.00000000
0.00000000
0.00000000
0.00000000
0.00000000
0.00000000
0.00000000
0.00000000
0.00000000
0.00000000
0.00000000
0.00000000
0.00000000
0.00000000
0.00000000
0.00000000
0.00000000
0.00000000
0.00000000
0.00000000
0.00000000
0.00000000
0.00000000
0.00000000
0.00000000
0.00000000
0.00000000
0.00000000
0.00000000
0.00000000
0.00000000
0.00000000
0.00000000
0.00000000
0.00000000
0.00000000
0.00000000
0.00000000
0.00000000
0.00000000
0.00000000
0.00000000
0.00000000
0.00000000
0.00000000
0.00000000
0.00000000
0.00000000
0.00000000
0.00000000
0.00000000
0.00000000
0.00000000
0.00000000
0.00000000
0.00000000
0.00000000
0.00000000
0.00000000
0.00000000
0.00000000
0.00000000
0.00000000
0.00000000
0.00000000
0.00000000
0.00000000
0.00000000
0.00000000
0.00000000
0.00000000
0.00000000
0.00000000
0.00000000
0.00000000
0.00000000
0.00000000
0.00000000
0.00000000
0.00000000
0.00000000
0.00000000
0.00000000
0.00000000
0.00000000
0.00000000
0.00000000
0.00000000
0.00000000
0.00000000
0.00000000
0.00000000
0.00000000
0.00000000
0.00000000
0.00000000
0.00000000
0.00000000
0.00000000
0.00000000
0.00000000
0.00000000
0.00000000
0.00000000
0.00000000
0.00000000
0.00000000
0.00000000
0.00000000
0.00000000
0.00000000
0.00000000
0.00000000
0.00000000
0.00000000
0.00000000
0.00000000
0.00000000
0.00000000
0.00000000
0.00000000
0.00000000
0.00000000
0.00000000
0.00000000
0.00000000
0.00000000
0.00000000
0.00000000
0.00000000
0.00000000
0.00000000
0.00000000
0.00000000
0.00000000
0.00000000
0.00000000
0.00000000
0.00000000
0.00000000
0.00000000
0.00000000
0.00000000
0.00000000
0.00000000
0.00000000
0.00000000
0.00000000
0.00000000
0.00000000
0.00000000
0.00000000
0.00000000
0.00000000
0.00000000
0.00000000
0.00000000
0.00000000
0.00000000
0.00000000
0.00000000
0.00000000
0.00000000
0.00000000
0.00000000
0.00000000
0.00000000
0.00000000
0.00000000
0.00000000
0.00000000
0.00000000
0.00000000
0.00000000
0.00000000
0.00000000
0.00000000
0.00000000
0.00000000
0.00000000
0.00000000
0.00000000
0.00000000
0.00000000
0.00000000
0.00000000
0.00000000
0.00000000
0.00000000
0.00000000
0.00000000
0.00000000
0.00000000
0.00000000
0.00000000
0.00000000
0.00000000
0.00000000
0.00000000
0.00000000
)
(x-velocity
0.00000000
-0.57458986
0.21609684
0.67861892
1.00678355
1.26132782
1.46930563
1.64514836
1.79747026
1.93182770
2.05201453
2.16073674
2.25999234
2.35129864
2.43583507
2.51453660
2.58815697
2.65731268
2.72251441
2.78418996
2.84270124
2.89835714
2.95142345
3.00213045
3.05067904
3.09724550
3.14198535
3.18503649
3.22652178
3.26655114
3.30522331
3.34262731
3.37884368
3.41394552
3.44799939
3.48106604
3.51320112
3.54445567
3.57487667
3.60450742
3.63338794
3.66155530
3.68904385
3.71588556
3.74211015
3.76774539
3.79281716
3.81734971
3.84136575
3.86488658
3.88793221
3.91052146
3.93267205
3.95440071
3.97572319
3.99665442
4.01720849
4.03739874
4.05723785
4.07673781
4.09591002
4.11476532
4.13331402
4.15156593
4.16953039
4.18721632
4.20463223
4.22178623
4.23868609
4.25533923
4.27175275
4.28793344
4.30388783
4.31962214
4.33514238
4.35045429
4.36556338
4.38047496
4.39519413
4.40972579
4.42407465
4.43824527
4.45224201
4.46606908
4.47973056
4.49323036
4.50657226
4.51975992
4.53279686
4.54568649
4.55843209
4.57103686
4.58350387
4.59583609
4.60803642
4.62010764
4.63205246
4.64387350
4.65557329
4.66715430
4.67861892
4.68996946
4.70120817
4.71233723
4.72335876
4.73427483
4.74508742
4.75579848
4.76640990
4.77692352
4.78734113
4.79766445
4.80789519
4.81803499
4.82808545
4.83804813
4.84792456
4.85771620
4.86742452
4.87705090
4.88659673
4.89606334
4.90545203
4.91476408
4.92400073
4.93316319
4.94225263
4.95127023
4.96021710
4.96909434
4.97790303
4.98664422
4.99531894
5.00392818
5.01247294
5.02095417
5.02937280
5.03772976
5.04602594
5.05426222
5.06243946
5.07055850
5.07862015
5.08662524
5.09457454
5.10246882
5.11030885
5.11809537
5.12582909
5.13351073
5.14114099
5.14872056
5.15625009
5.16373024
5.17116167
5.17854499
5.18588084
5.19316981
5.20041250
5.20760949
5.21476136
5.22186867
5.22893198
5.23595181
5.24292871
5.24986320
5.25675579
5.26360698
5.27041727
5.27718714
5.28391707
5.29060753
5.29725897
5.30387186
5.31044663
5.31698373
5.32348357
5.32994659
5.33637320
5.34276380
5.34911880
5.35543860
5.36172357
5.36797410
5.37419058
5.38037335
5.38652280
5.39263928
5.39872313
5.40477471
5.41079435
5.41678240
5.42273917
5.42866500
5.43456021
5.44042510
5.44626000
5.45206520
5.45784101
5.46358772
5.46930563
5.47499502
5.48065617
5.48628936
5.49189488
5.49747298
5.50302394
5.50854802
5.51404547
5.51951656
5.52496153
5.53038064
5.53577412
5.54114223
5.54648519
5.55180324
5.55709661
5.56236553
5.56761023
5.57283093
5.57802784
5.58320118
5.58835116
5.59347800
5.59858190
5.60366307
5.60872170
5.61375800
5.61877216
5.62376438
5.62873484
5.63368374
5.63861127
5.64351759
5.64840291
5.65326740
5.65811122
5.66293457
5.66773761
5.67252051
5.67728344
5.68202656
5.68675005
5.69145405
5.69613874
5.70080427
5.70545079
5.71007846
5.71468744
5.71927786
5.72384989
5.72840367
5.73293934
5.73745705
5.74195694
5.74643914
5.75090380
5.75535106
5.75978105
5.76419389
5.76858974
5.77296871
5.77733093
5.78167653
5.78600565
5.79031839
5.79461489
5.79889527
5.80315965
5.80740815
5.81164088
5.81585796
5.82005951
5.82424564
5.82841647
5.83257210
5.83671265
5.84083822
5.84494893
5.84904488
5.85312617
5.85719291
5.86124520
5.86528315
5.86930686
5.87331643
5.87731195
5.88129352
5.88526125
5.88921522
5.89315553
5.89708228
5.90099556
5.90489546
5.90878207
5.91265549
5.91651580
5.92036309
5.92419744
5.92801895
5.93182770
5.93562378
5.93940726
5.94317824
5.94693679
5.95068300
5.95441695
5.95813872
5.96184838
5.96554601
5.96923170
5.97290552
5.97656755
5.98021785
5.98385652
5.98748361
5.99109920
5.99470338
5.99829620
6.00187774
6.00544807
6.00900726
6.01255538
6.01609250
6.01961869
6.02313400
6.02663852
6.03013231
6.03361542
6.03708794
6.04054991
6.04400141
6.04744250
6.05087324
6.05429369
6.05770392
6.06110398
6.06449393
6.06787385
6.07124377
6.07460378
6.07795391
6.08129423
6.08462481
6.08794568
6.09125692
6.09455857
6.09785069
6.10113334
6.10440657
6.10767043
6.11092499
6.11417028
6.11740637
6.12063330
6.12385113
6.12705991
6.13025968
6.13345051
6.13663244
6.13980551
6.14296978
6.14612530
6.14927212
6.15241028
6.15553983
6.15866081
6.16177328
6.16487728
6.16797286
6.17106006
6.17413893
6.17720951
6.18027185
6.18332599
6.18637197
6.18940984
6.19243964
6.19546142
6.19847521
6.20148106
6.20447901
6.20746910
6.21045138
6.21342588
6.21639264
6.21935171
6.22230312
6.22524692
6.22818313
6.23111181
6.23403299
6.23694671
6.23985300
6.24275191
6.24564347
6.24852772
6.25140469
6.25427443
6.25713697
)
(y-velocity
0.00000000
0.00000000
0.00000000
0.00000000
0.00000000
0.00000000
0.00000000
0.00000000
0.00000000
0.00000000
0.00000000
0.00000000
0.00000000
0.00000000
0.00000000
0.00000000
0.00000000
0.00000000
0.00000000
0.00000000
0.00000000
0.00000000
0.00000000
0.00000000
0.00000000
0.00000000
0.00000000
0.00000000
0.00000000
0.00000000
0.00000000
0.00000000
0.00000000
0.00000000
0.00000000
0.00000000
0.00000000
0.00000000
0.00000000
0.00000000
0.00000000
0.00000000
0.00000000
0.00000000
0.00000000
0.00000000
0.00000000
0.00000000
0.00000000
0.00000000
0.00000000
0.00000000
0.00000000
0.00000000
0.00000000
0.00000000
0.00000000
0.00000000
0.00000000
0.00000000
0.00000000
0.00000000
0.00000000
0.00000000
0.00000000
0.00000000
0.00000000
0.00000000
0.00000000
0.00000000
0.00000000
0.00000000
0.00000000
0.00000000
0.00000000
0.00000000
0.00000000
0.00000000
0.00000000
0.00000000
0.00000000
0.00000000
0.00000000
0.00000000
0.00000000
0.00000000
0.00000000
0.00000000
0.00000000
0.00000000
0.00000000
0.00000000
0.00000000
0.00000000
0.00000000
0.00000000
0.00000000
0.00000000
0.00000000
0.00000000
0.00000000
0.00000000
0.00000000
0.00000000
0.00000000
0.00000000
0.00000000
0.00000000
0.00000000
0.00000000
0.00000000
0.00000000
0.00000000
0.00000000
0.00000000
0.00000000
0.00000000
0.00000000
0.00000000
0.00000000
0.00000000
0.00000000
0.00000000
0.00000000
0.00000000
0.00000000
0.00000000
0.00000000
0.00000000
0.00000000
0.00000000
0.00000000
0.00000000
0.00000000
0.00000000
0.00000000
0.00000000
0.00000000
0.00000000
0.00000000
0.00000000
0.00000000
0.00000000
0.00000000
0.00000000
0.00000000
0.00000000
0.00000000
0.00000000
0.00000000
0.00000000
0.00000000
0.00000000
0.00000000
0.00000000
0.00000000
0.00000000
0.00000000
0.00000000
0.00000000
0.00000000
0.00000000
0.00000000
0.00000000
0.00000000
0.00000000
0.00000000
0.00000000
0.00000000
0.00000000
0.00000000
0.00000000
0.00000000
0.00000000
0.00000000
0.00000000
0.00000000
0.00000000
0.00000000
0.00000000
0.00000000
0.00000000
0.00000000
0.00000000
0.00000000
0.00000000
0.00000000
0.00000000
0.00000000
0.00000000
0.00000000
0.00000000
0.00000000
0.00000000
0.00000000
0.00000000
0.00000000
0.00000000
0.00000000
0.00000000
0.00000000
0.00000000
0.00000000
0.00000000
0.00000000
0.00000000
0.00000000
0.00000000
0.00000000
0.00000000
0.00000000
0.00000000
0.00000000
0.00000000
0.00000000
0.00000000
0.00000000
0.00000000
0.00000000
0.00000000
0.00000000
0.00000000
0.00000000
0.00000000
0.00000000
0.00000000
0.00000000
0.00000000
0.00000000
0.00000000
0.00000000
0.00000000
0.00000000
0.00000000
0.00000000
0.00000000
0.00000000
0.00000000
0.00000000
0.00000000
0.00000000
0.00000000
0.00000000
0.00000000
0.00000000
0.00000000
0.00000000
0.00000000
0.00000000
0.00000000
0.00000000
0.00000000
0.00000000
0.00000000
0.00000000
0.00000000
0.00000000
0.00000000
0.00000000
0.00000000
0.00000000
0.00000000
0.00000000
0.00000000
0.00000000
0.00000000
0.00000000
0.00000000
0.00000000
0.00000000
0.00000000
0.00000000
0.00000000
0.00000000
0.00000000
0.00000000
0.00000000
0.00000000
0.00000000
0.00000000
0.00000000
0.00000000
0.00000000
0.00000000
0.00000000
0.00000000
0.00000000
0.00000000
0.00000000
0.00000000
0.00000000
0.00000000
0.00000000
0.00000000
0.00000000
0.00000000
0.00000000
0.00000000
0.00000000
0.00000000
0.00000000
0.00000000
0.00000000
0.00000000
0.00000000
0.00000000
0.00000000
0.00000000
0.00000000
0.00000000
0.00000000
0.00000000
0.00000000
0.00000000
0.00000000
0.00000000
0.00000000
0.00000000
0.00000000
0.00000000
0.00000000
0.00000000
0.00000000
0.00000000
0.00000000
0.00000000
0.00000000
0.00000000
0.00000000
0.00000000
0.00000000
0.00000000
0.00000000
0.00000000
0.00000000
0.00000000
0.00000000
0.00000000
0.00000000
0.00000000
0.00000000
0.00000000
0.00000000
0.00000000
0.00000000
0.00000000
0.00000000
0.00000000
0.00000000
0.00000000
0.00000000
0.00000000
0.00000000
0.00000000
0.00000000
0.00000000
0.00000000
0.00000000
0.00000000
0.00000000
0.00000000
0.00000000
0.00000000
0.00000000
0.00000000
0.00000000
0.00000000
0.00000000
0.00000000
0.00000000
0.00000000
0.00000000
0.00000000
0.00000000
0.00000000
0.00000000
0.00000000
0.00000000
0.00000000
0.00000000
0.00000000
0.00000000
0.00000000
0.00000000
0.00000000
0.00000000
0.00000000
0.00000000
0.00000000
0.00000000
0.00000000
0.00000000
0.00000000
0.00000000
0.00000000
0.00000000
0.00000000
0.00000000
0.00000000
0.00000000
)
(z-velocity
0.00000000
0.00000000
0.00000000
0.00000000
0.00000000
0.00000000
0.00000000
0.00000000
0.00000000
0.00000000
0.00000000
0.00000000
0.00000000
0.00000000
0.00000000
0.00000000
0.00000000
0.00000000
0.00000000
0.00000000
0.00000000
0.00000000
0.00000000
0.00000000
0.00000000
0.00000000
0.00000000
0.00000000
0.00000000
0.00000000
0.00000000
0.00000000
0.00000000
0.00000000
0.00000000
0.00000000
0.00000000
0.00000000
0.00000000
0.00000000
0.00000000
0.00000000
0.00000000
0.00000000
0.00000000
0.00000000
0.00000000
0.00000000
0.00000000
0.00000000
0.00000000
0.00000000
0.00000000
0.00000000
0.00000000
0.00000000
0.00000000
0.00000000
0.00000000
0.00000000
0.00000000
0.00000000
0.00000000
0.00000000
0.00000000
0.00000000
0.00000000
0.00000000
0.00000000
0.00000000
0.00000000
0.00000000
0.00000000
0.00000000
0.00000000
0.00000000
0.00000000
0.00000000
0.00000000
0.00000000
0.00000000
0.00000000
0.00000000
0.00000000
0.00000000
0.00000000
0.00000000
0.00000000
0.00000000
0.00000000
0.00000000
0.00000000
0.00000000
0.00000000
0.00000000
0.00000000
0.00000000
0.00000000
0.00000000
0.00000000
0.00000000
0.00000000
0.00000000
0.00000000
0.00000000
0.00000000
0.00000000
0.00000000
0.00000000
0.00000000
0.00000000
0.00000000
0.00000000
0.00000000
0.00000000
0.00000000
0.00000000
0.00000000
0.00000000
0.00000000
0.00000000
0.00000000
0.00000000
0.00000000
0.00000000
0.00000000
0.00000000
0.00000000
0.00000000
0.00000000
0.00000000
0.00000000
0.00000000
0.00000000
0.00000000
0.00000000
0.00000000
0.00000000
0.00000000
0.00000000
0.00000000
0.00000000
0.00000000
0.00000000
0.00000000
0.00000000
0.00000000
0.00000000
0.00000000
0.00000000
0.00000000
0.00000000
0.00000000
0.00000000
0.00000000
0.00000000
0.00000000
0.00000000
0.00000000
0.00000000
0.00000000
0.00000000
0.00000000
0.00000000
0.00000000
0.00000000
0.00000000
0.00000000
0.00000000
0.00000000
0.00000000
0.00000000
0.00000000
0.00000000
0.00000000
0.00000000
0.00000000
0.00000000
0.00000000
0.00000000
0.00000000
0.00000000
0.00000000
0.00000000
0.00000000
0.00000000
0.00000000
0.00000000
0.00000000
0.00000000
0.00000000
0.00000000
0.00000000
0.00000000
0.00000000
0.00000000
0.00000000
0.00000000
0.00000000
0.00000000
0.00000000
0.00000000
0.00000000
0.00000000
0.00000000
0.00000000
0.00000000
0.00000000
0.00000000
0.00000000
0.00000000
0.00000000
0.00000000
0.00000000
0.00000000
0.00000000
0.00000000
0.00000000
0.00000000
0.00000000
0.00000000
0.00000000
0.00000000
0.00000000
0.00000000
0.00000000
0.00000000
0.00000000
0.00000000
0.00000000
0.00000000
0.00000000
0.00000000
0.00000000
0.00000000
0.00000000
0.00000000
0.00000000
0.00000000
0.00000000
0.00000000
0.00000000
0.00000000
0.00000000
0.00000000
0.00000000
0.00000000
0.00000000
0.00000000
0.00000000
0.00000000
0.00000000
0.00000000
0.00000000
0.00000000
0.00000000
0.00000000
0.00000000
0.00000000
0.00000000
0.00000000
0.00000000
0.00000000
0.00000000
0.00000000
0.00000000
0.00000000
0.00000000
0.00000000
0.00000000
0.00000000
0.00000000
0.00000000
0.00000000
0.00000000
0.00000000
0.00000000
0.00000000
0.00000000
0.00000000
0.00000000
0.00000000
0.00000000
0.00000000
0.00000000
0.00000000
0.00000000
0.00000000
0.00000000
0.00000000
0.00000000
0.00000000
0.00000000
0.00000000
0.00000000
0.00000000
0.00000000
0.00000000
0.00000000
0.00000000
0.00000000
0.00000000
0.00000000
0.00000000
0.00000000
0.00000000
0.00000000
0.00000000
0.00000000
0.00000000
0.00000000
0.00000000
0.00000000
0.00000000
0.00000000
0.00000000
0.00000000
0.00000000
0.00000000
0.00000000
0.00000000
0.00000000
0.00000000
0.00000000
0.00000000
0.00000000
0.00000000
0.00000000
0.00000000
0.00000000
0.00000000
0.00000000
0.00000000
0.00000000
0.00000000
0.00000000
0.00000000
0.00000000
0.00000000
0.00000000
0.00000000
0.00000000
0.00000000
0.00000000
0.00000000
0.00000000
0.00000000
0.00000000
0.00000000
0.00000000
0.00000000
0.00000000
0.00000000
0.00000000
0.00000000
0.00000000
0.00000000
0.00000000
0.00000000
0.00000000
0.00000000
0.00000000
0.00000000
0.00000000
0.00000000
0.00000000
0.00000000
0.00000000
0.00000000
0.00000000
0.00000000
0.00000000
0.00000000
0.00000000
0.00000000
0.00000000
0.00000000
0.00000000
0.00000000
0.00000000
0.00000000
0.00000000
0.00000000
0.00000000
0.00000000
0.00000000
0.00000000
0.00000000
0.00000000
0.00000000
0.00000000
0.00000000
0.00000000
0.00000000
0.00000000
0.00000000
0.00000000
0.00000000
0.00000000
0.00000000
)
(uu-reynolds-stress
0.00000000
0.11885526
0.01681122
0.16578851
0.36490072
0.57274123
0.77718925
0.97434472
1.16312376
1.34350498
1.51587490
1.68076197
1.83872353
1.99029790
2.13598529
2.27624196
2.41148034
2.54207184
2.66835050
2.79061694
2.90914211
3.02417068
3.13592413
3.24460341
3.35039135
3.45345469
3.55394589
3.65200467
3.74775940
3.84132829
3.93282041
4.02233664
4.10997046
4.19580864
4.27993191
4.36241548
4.44332956
4.52273976
4.60070755
4.67729055
4.75254287
4.82651539
4.89925603
4.97080997
5.04121982
5.11052590
5.17876632
5.24597718
5.31219271
5.37744539
5.44176608
5.50518411
5.56772742
5.62942258
5.69029497
5.75036876
5.80966704
5.86821190
5.92602442
5.98312481
6.03953240
6.09526571
6.15034252
6.20477987
6.25859412
6.31180098
6.36441558
6.41645244
6.46792553
6.51884832
6.56923376
6.61909436
6.66844216
6.71728877
6.76564540
6.81352290
6.86093170
6.90788191
6.95438331
7.00044535
7.04607715
7.09128758
7.13608520
7.18047829
7.22447492
7.26808286
7.31130968
7.35416271
7.39664906
7.43877563
7.48054913
7.52197607
7.56306277
7.60381538
7.64423988
7.68434207
7.72412760
7.76360198
7.80277056
7.84163854
7.88021100
7.91849287
7.95648897
7.99420398
8.03164248
8.06880892
8.10570765
8.14234290
8.17871881
8.21483940
8.25070863
8.28633032
8.32170823
8.35684603
8.39174729
8.42641551
8.46085410
8.49506642
8.52905571
8.56282517
8.59637793
8.62971703
8.66284546
8.69576615
8.72848194
8.76099564
8.79330999
8.82542768
8.85735131
8.88908347
8.92062668
8.95198341
8.98315606
9.01414702
9.04495859
9.07559307
9.10605268
9.13633961
9.16645601
9.19640398
9.22618558
9.25580285
9.28525776
9.31455227
9.34368829
9.37266771
9.40149236
9.43016406
9.45868458
9.48705568
9.51527906
9.54335641
9.57128938
9.59907961
9.62672868
9.65423817
9.68160962
9.70884455
9.73594445
9.76291078
9.78974498
9.81644848
9.84302266
9.86946890
9.89578854
9.92198291
9.94805332
9.97400104
9.99982734
10.02553347
10.05112065
10.07659008
10.10194294
10.12718041
10.15230363
10.17731374
10.20221184
10.22699903
10.25167640
10.27624501
10.30070591
10.32506012
10.34930867
10.37345255
10.39749277
10.42143028
10.44526604
10.46900101
10.49263612
10.51617227
10.53961039
10.56295135
10.58619604
10.60934533
10.63240007
10.65536111
10.67822927
10.70100539
10.72369026
10.74628469
10.76878946
10.79120535
10.81353313
10.83577355
10.85792736
10.87999530
10.90197809
10.92387645
10.94569109
10.96742270
10.98907198
11.01063961
11.03212626
11.05353259
11.07485926
11.09610691
11.11727619
11.13836772
11.15938213
11.18032003
11.20118204
11.22196874
11.24268074
11.26331862
11.28388295
11.30437432
11.32479328
11.34514039
11.36541621
11.38562128
11.40575613
11.42582130
11.44581732
11.46574470
11.48560396
11.50539561
11.52512014
11.54477806
11.56436986
11.58389601
11.60335700
11.62275330
11.64208539
11.66135372
11.68055875
11.69970094
11.71878073
11.73779857
11.75675490
11.77565014
11.79448474
11.81325910
11.83197366
11.85062883
11.86922501
11.88776261
11.90624205
11.92466370
11.94302797
11.96133525
11.97958592
11.99778036
12.01591895
12.03400207
12.05203008
12.07000334
12.08792223
12.10578709
12.12359829
12.14135617
12.15906108
12.17671337
12.19431338
12.21186143
12.22935788
12.24680304
12.26419724
12.28154082
12.29883408
12.31607735
12.33327094
12.35041516
12.36751032
12.38455674
12.40155469
12.41850450
12.43540646
12.45226085
12.46906797
12.48582811
12.50254156
12.51920860
12.53582950
12.55240455
12.56893402
12.58541818
12.60185730
12.61825166
12.63460152
12.65090713
12.66716876
12.68338667
12.69956111
12.71569234
12.73178061
12.74782616
12.76382924
12.77979010
12.79570898
12.81158612
12.82742176
12.84321613
12.85896947
12.87468200
12.89035397
12.90598558
12.92157709
12.93712869
12.95264062
12.96811311
12.98354635
12.99894058
13.01429600
13.02961283
13.04489128
13.06013156
13.07533387
13.09049843
13.10562542
13.12071507
13.13576756
13.15078310
13.16576188
13.18070410
13.19560995
13.21047962
13.22531331
13.24011120
13.25487349
13.26960035
13.28429198
13.29894855
13.31357024
13.32815725
13.34270974
13.35722789
13.37171189
13.38616190
13.40057809
13.41496064
13.42930973
13.44362551
13.45790815
13.47215783
13.48637471
13.50055895
13.51471071
13.52883016
13.54291745
13.55697275
13.57099622
13.58498800
13.59894825
13.61287714
13.62677480
13.64064140
13.65447708
13.66828200
13.68205630
13.69580012
13.70951363
13.72319695
13.73685024
13.75047364
13.76406729
13.77763133
13.79116589
13.80467113
13.81814718
13.83159417
13.84501224
13.85840153
13.87176217
13.88509428
13.89839802
13.91167349
13.92492085
13.93814021
13.95133170
13.96449545
13.97763159
13.99074024
14.00382153
14.01687558
14.02990251
14.04290245
14.05587552
14.06882183
14.08174152
14.09463469
)
(vv-reynolds-stress
0.00000000
0.02971382
0.00420281
0.04144713
0.09122518
0.14318531
0.19429731
0.24358618
0.29078094
0.33587624
0.37896873
0.42019049
0.45968088
0.49757448
0.53399632
0.56906049
0.60287009
0.63551796
0.66708762
0.69765424
0.72728553
0.75604267
0.78398103
0.81115085
0.83759784
0.86336367
0.88848647
0.91300117
0.93693985
0.96033207
0.98320510
1.00558416
1.02749261
1.04895216
1.06998298
1.09060387
1.11083239
1.13068494
1.15017689
1.16932264
1.18813572
1.20662885
1.22481401
1.24270249
1.26030496
1.27763148
1.29469158
1.31149429
1.32804818
1.34436135
1.36044152
1.37629603
1.39193185
1.40735565
1.42257374
1.43759219
1.45241676
1.46705297
1.48150611
1.49578120
1.50988310
1.52381643
1.53758563
1.55119497
1.56464853
1.57795025
1.59110390
1.60411311
1.61698138
1.62971208
1.64230844
1.65477359
1.66711054
1.67932219
1.69141135
1.70338072
1.71523292
1.72697048
1.73859583
1.75011134
1.76151929
1.77282190
1.78402130
1.79511957
1.80611873
1.81702072
1.82782742
1.83854068
1.84916227
1.85969391
1.87013728
1.88049402
1.89076569
1.90095385
1.91105997
1.92108552
1.93103190
1.94090050
1.95069264
1.96040964
1.97005275
1.97962322
1.98912224
1.99855100
2.00791062
2.01720223
2.02642691
2.03558573
2.04467970
2.05370985
2.06267716
2.07158258
2.08042706
2.08921151
2.09793682
2.10660388
2.11521353
2.12376660
2.13226393
2.14070629
2.14909448
2.15742926
2.16571137
2.17394154
2.18212049
2.19024891
2.19832750
2.20635692
2.21433783
2.22227087
2.23015667
2.23799585
2.24578901
2.25353675
2.26123965
2.26889827
2.27651317
2.28408490
2.29161400
2.29910099
2.30654640
2.31395071
2.32131444
2.32863807
2.33592207
2.34316693
2.35037309
2.35754102
2.36467115
2.37176392
2.37881976
2.38583910
2.39282235
2.39976990
2.40668217
2.41355954
2.42040241
2.42721114
2.43398611
2.44072769
2.44743625
2.45411212
2.46075567
2.46736722
2.47394714
2.48049573
2.48701333
2.49350026
2.49995684
2.50638337
2.51278016
2.51914752
2.52548574
2.53179510
2.53807591
2.54432843
2.55055296
2.55674976
2.56291910
2.56906125
2.57517648
2.58126503
2.58732717
2.59336314
2.59937319
2.60535757
2.61131651
2.61725025
2.62315903
2.62904307
2.63490260
2.64073784
2.64654901
2.65233633
2.65810002
2.66384028
2.66955732
2.67525135
2.68092256
2.68657117
2.69219736
2.69780134
2.70338328
2.70894339
2.71448184
2.71999882
2.72549452
2.73096911
2.73642277
2.74185568
2.74726800
2.75265990
2.75803156
2.76338315
2.76871481
2.77402673
2.77931905
2.78459193
2.78984553
2.79508001
2.80029551
2.80549219
2.81067018
2.81582965
2.82097074
2.82609358
2.83119832
2.83628510
2.84135405
2.84640532
2.85143903
2.85645533
2.86145433
2.86643618
2.87140099
2.87634890
2.88128004
2.88619452
2.89109246
2.89597400
2.90083925
2.90568833
2.91052135
2.91533843
2.92013969
2.92492523
2.92969518
2.93444964
2.93918872
2.94391254
2.94862118
2.95331478
2.95799342
2.96265721
2.96730625
2.97194065
2.97656051
2.98116593
2.98575699
2.99033381
2.99489648
2.99944509
3.00397974
3.00850052
3.01300752
3.01750084
3.02198056
3.02644677
3.03089957
3.03533904
3.03976527
3.04417834
3.04857834
3.05296536
3.05733947
3.06170076
3.06604931
3.07038520
3.07470852
3.07901934
3.08331773
3.08760379
3.09187758
3.09613918
3.10038867
3.10462613
3.10885161
3.11306521
3.11726699
3.12145703
3.12563539
3.12980215
3.13395737
3.13810114
3.14223350
3.14635454
3.15046433
3.15456292
3.15865038
3.16272678
3.16679219
3.17084667
3.17489028
3.17892308
3.18294515
3.18695654
3.19095731
3.19494753
3.19892725
3.20289653
3.20685544
3.21080403
3.21474237
3.21867050
3.22258849
3.22649640
3.23039427
3.23428217
3.23816016
3.24202828
3.24588659
3.24973514
3.25357400
3.25740321
3.26122282
3.26503289
3.26883347
3.27262461
3.27640636
3.28017877
3.28394189
3.28769577
3.29144047
3.29517602
3.29890249
3.30261991
3.30632833
3.31002780
3.31371837
3.31740009
3.32107299
3.32473714
3.32839256
3.33203931
3.33567744
3.33930697
3.34292797
3.34654047
3.35014452
3.35374016
3.35732743
3.36090638
3.36447704
3.36803946
3.37159368
3.37513974
3.37867768
3.38220754
3.38572936
3.38924319
3.39274905
3.39624700
3.39973706
3.40321928
3.40669370
3.41016035
3.41361927
3.41707050
3.42051407
3.42395003
3.42737841
3.43079924
3.43421256
3.43761841
3.44101682
3.44440783
3.44779147
3.45116778
3.45453679
3.45789854
3.46125306
3.46460038
3.46794054
3.47127357
3.47459950
3.47791837
3.48123021
3.48453505
3.48783292
3.49112386
3.49440790
3.49768506
3.50095538
3.50421889
3.50747563
3.51072561
3.51396888
3.51720546
3.52043538
3.52365867
)
(ww-reynolds-stress
0.00000000
0.07606737
0.01075918
0.10610465
0.23353646
0.36655439
0.49740112
0.62358062
0.74439921
0.85984319
0.97015994
1.07568766
1.17678306
1.27379066
1.36703059
1.45679485
1.54334742
1.62692598
1.70774432
1.78599484
1.86185095
1.93546924
2.00699144
2.07654618
2.14425046
2.21021100
2.27452537
2.33728299
2.39856602
2.45845010
2.51700506
2.57429545
2.63038109
2.68531753
2.73915642
2.79194591
2.84373092
2.89455345
2.94445283
2.99346595
3.04162743
3.08896985
3.13552386
3.18131838
3.22638069
3.27073658
3.31441045
3.35742539
3.39980333
3.44156505
3.48273029
3.52331783
3.56334555
3.60283045
3.64178878
3.68023600
3.71818691
3.75565562
3.79265563
3.82919988
3.86530074
3.90097006
3.93621921
3.97105912
4.00550023
4.03955263
4.07322597
4.10652956
4.13947234
4.17206292
4.20430961
4.23622039
4.26780298
4.29906481
4.33001306
4.36065465
4.39099629
4.42104442
4.45080532
4.48028502
4.50948938
4.53842405
4.56709452
4.59550611
4.62366395
4.65157303
4.67923820
4.70666414
4.73385540
4.76081641
4.78755145
4.81406469
4.84036017
4.86644185
4.89231352
4.91797892
4.94344167
4.96870527
4.99377316
5.01864867
5.04333504
5.06783544
5.09215294
5.11629055
5.14025119
5.16403771
5.18765290
5.21109946
5.23438004
5.25749722
5.28045352
5.30325140
5.32589327
5.34838146
5.37071826
5.39290592
5.41494663
5.43684251
5.45859565
5.48020811
5.50168187
5.52301890
5.54422110
5.56529033
5.58622844
5.60703721
5.62771840
5.64827371
5.66870484
5.68901342
5.70920108
5.72926938
5.74921988
5.76905409
5.78877350
5.80837957
5.82787372
5.84725735
5.86653185
5.88569855
5.90475877
5.92371382
5.94256497
5.96131345
5.97996051
5.99850733
6.01695511
6.03530500
6.05355813
6.07171563
6.08977860
6.10774810
6.12562520
6.14341095
6.16110635
6.17871243
6.19623016
6.21366051
6.23100445
6.24826290
6.26543679
6.28252703
6.29953450
6.31646010
6.33330467
6.35006906
6.36675412
6.38336067
6.39988950
6.41634142
6.43271722
6.44901765
6.46524348
6.48139546
6.49747432
6.51348079
6.52941558
6.54527938
6.56107290
6.57679681
6.59245178
6.60803848
6.62355755
6.63900963
6.65439537
6.66971538
6.68497027
6.70016065
6.71528711
6.73035025
6.74535065
6.76028886
6.77516547
6.78998101
6.80473605
6.81943111
6.83406674
6.84864345
6.86316177
6.87762220
6.89202525
6.90637142
6.92066120
6.93489507
6.94907351
6.96319699
6.97726598
6.99128093
7.00524230
7.01915053
7.03300607
7.04680935
7.06056080
7.07426086
7.08790992
7.10150842
7.11505676
7.12855534
7.14200456
7.15540482
7.16875650
7.18205999
7.19531567
7.20852392
7.22168509
7.23479957
7.24786770
7.26088985
7.27386638
7.28679762
7.29968392
7.31252563
7.32532309
7.33807661
7.35078654
7.36345319
7.37607689
7.38865796
7.40119671
7.41369344
7.42614848
7.43856211
7.45093465
7.46326638
7.47555760
7.48780860
7.50001967
7.51219109
7.52432313
7.53641609
7.54847023
7.56048583
7.57246314
7.58440245
7.59630401
7.60816807
7.61999491
7.63178477
7.64353790
7.65525456
7.66693499
7.67857943
7.69018813
7.70176132
7.71329925
7.72480214
7.73627023
7.74770374
7.75910291
7.77046795
7.78179909
7.79309656
7.80436056
7.81559132
7.82678904
7.83795394
7.84908624
7.86018612
7.87125381
7.88228950
7.89329340
7.90426570
7.91520661
7.92611631
7.93699500
7.94784288
7.95866013
7.96944694
7.98020350
7.99092999
8.00162660
8.01229350
8.02293088
8.03353891
8.04411777
8.05466763
8.06518867
8.07568106
8.08614497
8.09658056
8.10698801
8.11736747
8.12771911
8.13804310
8.14833959
8.15860874
8.16885071
8.17906567
8.18925375
8.19941512
8.20954993
8.21965832
8.22974046
8.23979648
8.24982654
8.25983077
8.26980933
8.27976236
8.28969000
8.29959239
8.30946966
8.31932197
8.32914944
8.33895221
8.34873042
8.35848420
8.36821368
8.37791899
8.38760027
8.39725764
8.40689124
8.41650118
8.42608760
8.43565062
8.44519037
8.45470696
8.46420052
8.47367117
8.48311903
8.49254422
8.50194686
8.51132707
8.52068496
8.53002064
8.53933423
8.54862585
8.55789561
8.56714361
8.57636998
8.58557481
8.59475822
8.60392032
8.61306122
8.62218101
8.63127981
8.64035773
8.64941486
8.65845130
8.66746717
8.67646256
8.68543758
8.69439232
8.70332688
8.71224137
8.72113587
8.73001050
8.73886533
8.74770048
8.75651603
8.76531208
8.77408872
8.78284605
8.79158415
8.80030313
8.80900306
8.81768405
8.82634617
8.83498953
8.84361420
8.85222027
8.86080784
8.86937698
8.87792779
8.88646034
8.89497473
8.90347104
8.91194934
8.92040973
8.92885229
8.93727709
8.94568422
8.95407375
8.96244578
8.97080037
8.97913761
8.98745757
8.99576033
9.00404597
9.01231457
9.02056620
)
(vw-reynolds-stress
0.00000000
0.00000000
0.00000000
0.00000000
0.00000000
0.00000000
0.00000000
0.00000000
0.00000000
0.00000000
0.00000000
0.00000000
0.00000000
0.00000000
0.00000000
0.00000000
0.00000000
0.00000000
0.00000000
0.00000000
0.00000000
0.00000000
0.00000000
0.00000000
0.00000000
0.00000000
0.00000000
0.00000000
0.00000000
0.00000000
0.00000000
0.00000000
0.00000000
0.00000000
0.00000000
0.00000000
0.00000000
0.00000000
0.00000000
0.00000000
0.00000000
0.00000000
0.00000000
0.00000000
0.00000000
0.00000000
0.00000000
0.00000000
0.00000000
0.00000000
0.00000000
0.00000000
0.00000000
0.00000000
0.00000000
0.00000000
0.00000000
0.00000000
0.00000000
0.00000000
0.00000000
0.00000000
0.00000000
0.00000000
0.00000000
0.00000000
0.00000000
0.00000000
0.00000000
0.00000000
0.00000000
0.00000000
0.00000000
0.00000000
0.00000000
0.00000000
0.00000000
0.00000000
0.00000000
0.00000000
0.00000000
0.00000000
0.00000000
0.00000000
0.00000000
0.00000000
0.00000000
0.00000000
0.00000000
0.00000000
0.00000000
0.00000000
0.00000000
0.00000000
0.00000000
0.00000000
0.00000000
0.00000000
0.00000000
0.00000000
0.00000000
0.00000000
0.00000000
0.00000000
0.00000000
0.00000000
0.00000000
0.00000000
0.00000000
0.00000000
0.00000000
0.00000000
0.00000000
0.00000000
0.00000000
0.00000000
0.00000000
0.00000000
0.00000000
0.00000000
0.00000000
0.00000000
0.00000000
0.00000000
0.00000000
0.00000000
0.00000000
0.00000000
0.00000000
0.00000000
0.00000000
0.00000000
0.00000000
0.00000000
0.00000000
0.00000000
0.00000000
0.00000000
0.00000000
0.00000000
0.00000000
0.00000000
0.00000000
0.00000000
0.00000000
0.00000000
0.00000000
0.00000000
0.00000000
0.00000000
0.00000000
0.00000000
0.00000000
0.00000000
0.00000000
0.00000000
0.00000000
0.00000000
0.00000000
0.00000000
0.00000000
0.00000000
0.00000000
0.00000000
0.00000000
0.00000000
0.00000000
0.00000000
0.00000000
0.00000000
0.00000000
0.00000000
0.00000000
0.00000000
0.00000000
0.00000000
0.00000000
0.00000000
0.00000000
0.00000000
0.00000000
0.00000000
0.00000000
0.00000000
0.00000000
0.00000000
0.00000000
0.00000000
0.00000000
0.00000000
0.00000000
0.00000000
0.00000000
0.00000000
0.00000000
0.00000000
0.00000000
0.00000000
0.00000000
0.00000000
0.00000000
0.00000000
0.00000000
0.00000000
0.00000000
0.00000000
0.00000000
0.00000000
0.00000000
0.00000000
0.00000000
0.00000000
0.00000000
0.00000000
0.00000000
0.00000000
0.00000000
0.00000000
0.00000000
0.00000000
0.00000000
0.00000000
0.00000000
0.00000000
0.00000000
0.00000000
0.00000000
0.00000000
0.00000000
0.00000000
0.00000000
0.00000000
0.00000000
0.00000000
0.00000000
0.00000000
0.00000000
0.00000000
0.00000000
0.00000000
0.00000000
0.00000000
0.00000000
0.00000000
0.00000000
0.00000000
0.00000000
0.00000000
0.00000000
0.00000000
0.00000000
0.00000000
0.00000000
0.00000000
0.00000000
0.00000000
0.00000000
0.00000000
0.00000000
0.00000000
0.00000000
0.00000000
0.00000000
0.00000000
0.00000000
0.00000000
0.00000000
0.00000000
0.00000000
0.00000000
0.00000000
0.00000000
0.00000000
0.00000000
0.00000000
0.00000000
0.00000000
0.00000000
0.00000000
0.00000000
0.00000000
0.00000000
0.00000000
0.00000000
0.00000000
0.00000000
0.00000000
0.00000000
0.00000000
0.00000000
0.00000000
0.00000000
0.00000000
0.00000000
0.00000000
0.00000000
0.00000000
0.00000000
0.00000000
0.00000000
0.00000000
0.00000000
0.00000000
0.00000000
0.00000000
0.00000000
0.00000000
0.00000000
0.00000000
0.00000000
0.00000000
0.00000000
0.00000000
0.00000000
0.00000000
0.00000000
0.00000000
0.00000000
0.00000000
0.00000000
0.00000000
0.00000000
0.00000000
0.00000000
0.00000000
0.00000000
0.00000000
0.00000000
0.00000000
0.00000000
0.00000000
0.00000000
0.00000000
0.00000000
0.00000000
0.00000000
0.00000000
0.00000000
0.00000000
0.00000000
0.00000000
0.00000000
0.00000000
0.00000000
0.00000000
0.00000000
0.00000000
0.00000000
0.00000000
0.00000000
0.00000000
0.00000000
0.00000000
0.00000000
0.00000000
0.00000000
0.00000000
0.00000000
0.00000000
0.00000000
0.00000000
0.00000000
0.00000000
0.00000000
0.00000000
0.00000000
0.00000000
0.00000000
0.00000000
0.00000000
0.00000000
0.00000000
0.00000000
0.00000000
0.00000000
0.00000000
0.00000000
0.00000000
0.00000000
0.00000000
0.00000000
0.00000000
0.00000000
0.00000000
0.00000000
0.00000000
0.00000000
0.00000000
0.00000000
0.00000000
0.00000000
0.00000000
0.00000000
0.00000000
0.00000000
0.00000000
0.00000000
0.00000000
0.00000000
0.00000000
)
(uw-reynolds-stress
0.00000000
0.00000000
0.00000000
0.00000000
0.00000000
0.00000000
0.00000000
0.00000000
0.00000000
0.00000000
0.00000000
0.00000000
0.00000000
0.00000000
0.00000000
0.00000000
0.00000000
0.00000000
0.00000000
0.00000000
0.00000000
0.00000000
0.00000000
0.00000000
0.00000000
0.00000000
0.00000000
0.00000000
0.00000000
0.00000000
0.00000000
0.00000000
0.00000000
0.00000000
0.00000000
0.00000000
0.00000000
0.00000000
0.00000000
0.00000000
0.00000000
0.00000000
0.00000000
0.00000000
0.00000000
0.00000000
0.00000000
0.00000000
0.00000000
0.00000000
0.00000000
0.00000000
0.00000000
0.00000000
0.00000000
0.00000000
0.00000000
0.00000000
0.00000000
0.00000000
0.00000000
0.00000000
0.00000000
0.00000000
0.00000000
0.00000000
0.00000000
0.00000000
0.00000000
0.00000000
0.00000000
0.00000000
0.00000000
0.00000000
0.00000000
0.00000000
0.00000000
0.00000000
0.00000000
0.00000000
0.00000000
0.00000000
0.00000000
0.00000000
0.00000000
0.00000000
0.00000000
0.00000000
0.00000000
0.00000000
0.00000000
0.00000000
0.00000000
0.00000000
0.00000000
0.00000000
0.00000000
0.00000000
0.00000000
0.00000000
0.00000000
0.00000000
0.00000000
0.00000000
0.00000000
0.00000000
0.00000000
0.00000000
0.00000000
0.00000000
0.00000000
0.00000000
0.00000000
0.00000000
0.00000000
0.00000000
0.00000000
0.00000000
0.00000000
0.00000000
0.00000000
0.00000000
0.00000000
0.00000000
0.00000000
0.00000000
0.00000000
0.00000000
0.00000000
0.00000000
0.00000000
0.00000000
0.00000000
0.00000000
0.00000000
0.00000000
0.00000000
0.00000000
0.00000000
0.00000000
0.00000000
0.00000000
0.00000000
0.00000000
0.00000000
0.00000000
0.00000000
0.00000000
0.00000000
0.00000000
0.00000000
0.00000000
0.00000000
0.00000000
0.00000000
0.00000000
0.00000000
0.00000000
0.00000000
0.00000000
0.00000000
0.00000000
0.00000000
0.00000000
0.00000000
0.00000000
0.00000000
0.00000000
0.00000000
0.00000000
0.00000000
0.00000000
0.00000000
0.00000000
0.00000000
0.00000000
0.00000000
0.00000000
0.00000000
0.00000000
0.00000000
0.00000000
0.00000000
0.00000000
0.00000000
0.00000000
0.00000000
0.00000000
0.00000000
0.00000000
0.00000000
0.00000000
0.00000000
0.00000000
0.00000000
0.00000000
0.00000000
0.00000000
0.00000000
0.00000000
0.00000000
0.00000000
0.00000000
0.00000000
0.00000000
0.00000000
0.00000000
0.00000000
0.00000000
0.00000000
0.00000000
0.00000000
0.00000000
0.00000000
0.00000000
0.00000000
0.00000000
0.00000000
0.00000000
0.00000000
0.00000000
0.00000000
0.00000000
0.00000000
0.00000000
0.00000000
0.00000000
0.00000000
0.00000000
0.00000000
0.00000000
0.00000000
0.00000000
0.00000000
0.00000000
0.00000000
0.00000000
0.00000000
0.00000000
0.00000000
0.00000000
0.00000000
0.00000000
0.00000000
0.00000000
0.00000000
0.00000000
0.00000000
0.00000000
0.00000000
0.00000000
0.00000000
0.00000000
0.00000000
0.00000000
0.00000000
0.00000000
0.00000000
0.00000000
0.00000000
0.00000000
0.00000000
0.00000000
0.00000000
0.00000000
0.00000000
0.00000000
0.00000000
0.00000000
0.00000000
0.00000000
0.00000000
0.00000000
0.00000000
0.00000000
0.00000000
0.00000000
0.00000000
0.00000000
0.00000000
0.00000000
0.00000000
0.00000000
0.00000000
0.00000000
0.00000000
0.00000000
0.00000000
0.00000000
0.00000000
0.00000000
0.00000000
0.00000000
0.00000000
0.00000000
0.00000000
0.00000000
0.00000000
0.00000000
0.00000000
0.00000000
0.00000000
0.00000000
0.00000000
0.00000000
0.00000000
0.00000000
0.00000000
0.00000000
0.00000000
0.00000000
0.00000000
0.00000000
0.00000000
0.00000000
0.00000000
0.00000000
0.00000000
0.00000000
0.00000000
0.00000000
0.00000000
0.00000000
0.00000000
0.00000000
0.00000000
0.00000000
0.00000000
0.00000000
0.00000000
0.00000000
0.00000000
0.00000000
0.00000000
0.00000000
0.00000000
0.00000000
0.00000000
0.00000000
0.00000000
0.00000000
0.00000000
0.00000000
0.00000000
0.00000000
0.00000000
0.00000000
0.00000000
0.00000000
0.00000000
0.00000000
0.00000000
0.00000000
0.00000000
0.00000000
0.00000000
0.00000000
0.00000000
0.00000000
0.00000000
0.00000000
0.00000000
0.00000000
0.00000000
0.00000000
0.00000000
0.00000000
0.00000000
0.00000000
0.00000000
0.00000000
0.00000000
0.00000000
0.00000000
0.00000000
0.00000000
0.00000000
0.00000000
0.00000000
0.00000000
0.00000000
0.00000000
0.00000000
0.00000000
0.00000000
0.00000000
0.00000000
0.00000000
0.00000000
0.00000000
0.00000000
0.00000000
0.00000000
0.00000000
0.00000000
0.00000000
0.00000000
0.00000000
0.00000000
0.00000000
)
(uv-reynolds-stress
-0.00000000
-0.02971382
-0.00420281
-0.04144713
-0.09122518
-0.14318531
-0.19429731
-0.24358618
-0.29078094
-0.33587624
-0.37896873
-0.42019049
-0.45968088
-0.49757448
-0.53399632
-0.56906049
-0.60287009
-0.63551796
-0.66708762
-0.69765424
-0.72728553
-0.75604267
-0.78398103
-0.81115085
-0.83759784
-0.86336367
-0.87495488
-0.87495488
-0.87495488
-0.87495488
-0.87495488
-0.87495488
-0.87495488
-0.87495488
-0.87495488
-0.87495488
-0.87495488
-0.87495488
-0.87495488
-0.87495488
-0.87495488
-0.87495488
-0.87495488
-0.87495488
-0.87495488
-0.87495488
-0.87495488
-0.87495488
-0.87495488
-0.87495488
-0.87495488
-0.87495488
-0.87495488
-0.87495488
-0.87495488
-0.87495488
-0.87495488
-0.87495488
-0.87495488
-0.87495488
-0.87495488
-0.87495488
-0.87495488
-0.87495488
-0.87495488
-0.87495488
-0.87495488
-0.87495488
-0.87495488
-0.87495488
-0.87495488
-0.87495488
-0.87495488
-0.87495488
-0.87495488
-0.87495488
-0.87495488
-0.87495488
-0.87495488
-0.87495488
-0.87495488
-0.87495488
-0.87495488
-0.87495488
-0.87495488
-0.87495488
-0.87495488
-0.87495488
-0.87495488
-0.87495488
-0.87495488
-0.87495488
-0.87495488
-0.87495488
-0.87495488
-0.87495488
-0.87495488
-0.87495488
-0.87495488
-0.87495488
-0.87495488
-0.87495488
-0.87495488
-0.87495488
-0.87495488
-0.87495488
-0.87495488
-0.87495488
-0.87495488
-0.87495488
-0.87495488
-0.87495488
-0.87495488
-0.87495488
-0.87495488
-0.87495488
-0.87495488
-0.87495488
-0.87495488
-0.87495488
-0.87495488
-0.87495488
-0.87495488
-0.87495488
-0.87495488
-0.87495488
-0.87495488
-0.87495488
-0.87495488
-0.87495488
-0.87495488
-0.87495488
-0.87495488
-0.87495488
-0.87495488
-0.87495488
-0.87495488
-0.87495488
-0.87495488
-0.87495488
-0.87495488
-0.87495488
-0.87495488
-0.87495488
-0.87495488
-0.87495488
-0.87495488
-0.87495488
-0.87495488
-0.87495488
-0.87495488
-0.87495488
-0.87495488
-0.87495488
-0.87495488
-0.87495488
-0.87495488
-0.87495488
-0.87495488
-0.87495488
-0.87495488
-0.87495488
-0.87495488
-0.87495488
-0.87495488
-0.87495488
-0.87495488
-0.87495488
-0.87495488
-0.87495488
-0.87495488
-0.87495488
-0.87495488
-0.87495488
-0.87495488
-0.87495488
-0.87495488
-0.87495488
-0.87495488
-0.87495488
-0.87495488
-0.87495488
-0.87495488
-0.87495488
-0.87495488
-0.87495488
-0.87495488
-0.87495488
-0.87495488
-0.87495488
-0.87495488
-0.87495488
-0.87495488
-0.87495488
-0.87495488
-0.87495488
-0.87495488
-0.87495488
-0.87495488
-0.87495488
-0.87495488
-0.87495488
-0.87495488
-0.87495488
-0.87495488
-0.87495488
-0.87495488
-0.87495488
-0.87495488
-0.87495488
-0.87495488
-0.87495488
-0.87495488
-0.87495488
-0.87495488
-0.87495488
-0.87495488
-0.87495488
-0.87495488
-0.87495488
-0.87495488
-0.87495488
-0.87495488
-0.87495488
-0.87495488
-0.87495488
-0.87495488
-0.87495488
-0.87495488
-0.87495488
-0.87495488
-0.87495488
-0.87495488
-0.87495488
-0.87495488
-0.87495488
-0.87495488
-0.87495488
-0.87495488
-0.87495488
-0.87495488
-0.87495488
-0.87495488
-0.87495488
-0.87495488
-0.87495488
-0.87495488
-0.87495488
-0.87495488
-0.87495488
-0.87495488
-0.87495488
-0.87495488
-0.87495488
-0.87495488
-0.87495488
-0.87495488
-0.87495488
-0.87495488
-0.87495488
-0.87495488
-0.87495488
-0.87495488
-0.87495488
-0.87495488
-0.87495488
-0.87495488
-0.87495488
-0.87495488
-0.87495488
-0.87495488
-0.87495488
-0.87495488
-0.87495488
-0.87495488
-0.87495488
-0.87495488
-0.87495488
-0.87495488
-0.87495488
-0.87495488
-0.87495488
-0.87495488
-0.87495488
-0.87495488
-0.87495488
-0.87495488
-0.87495488
-0.87495488
-0.87495488
-0.87495488
-0.87495488
-0.87495488
-0.87495488
-0.87495488
-0.87495488
-0.87495488
-0.87495488
-0.87495488
-0.87495488
-0.87495488
-0.87495488
-0.87495488
-0.87495488
-0.87495488
-0.87495488
-0.87495488
-0.87495488
-0.87495488
-0.87495488
-0.87495488
-0.87495488
-0.87495488
-0.87495488
-0.87495488
-0.87495488
-0.87495488
-0.87495488
-0.87495488
-0.87495488
-0.87495488
-0.87495488
-0.87495488
-0.87495488
-0.87495488
-0.87495488
-0.87495488
-0.87495488
-0.87495488
-0.87495488
-0.87495488
-0.87495488
-0.87495488
-0.87495488
-0.87495488
-0.87495488
-0.87495488
-0.87495488
-0.87495488
-0.87495488
-0.87495488
-0.87495488
-0.87495488
-0.87495488
-0.87495488
-0.87495488
-0.87495488
-0.87495488
-0.87495488
-0.87495488
-0.87495488
-0.87495488
-0.87495488
-0.87495488
-0.87495488
-0.87495488
-0.87495488
-0.87495488
-0.87495488
-0.87495488
-0.87495488
-0.87495488
-0.87495488
-0.87495488
-0.87495488
-0.87495488
-0.87495488
-0.87495488
-0.87495488
-0.87495488
-0.87495488
-0.87495488
-0.87495488
-0.87495488
-0.87495488
-0.87495488
-0.87495488
-0.87495488
-0.87495488
-0.87495488
-0.87495488
-0.87495488
-0.87495488
-0.87495488
-0.87495488
-0.87495488
-0.87495488
-0.87495488
-0.87495488
-0.87495488
-0.87495488
-0.87495488
-0.87495488
-0.87495488
-0.87495488
-0.87495488
-0.87495488
-0.87495488
-0.87495488
-0.87495488
))