x	y	z	x-velocity	y-velocity	z-velocity	uu-reynolds-stress	vv-reynolds-stress	ww-reynolds-stress	vw-reynolds-stress	uw-reynolds-stress	uv-reynolds-stress
-928.00000000	0.00000000	0.00000000	0.00000000	0.00000000	0.00000000	0.00000000	0.00000000	0.00000000	0.00000000	0.00000000	-0.00000000
-928.00000000	0.18128571	0.00000000	-0.57458986	0.00000000	0.00000000	0.11885526	0.02971382	0.07606737	0.00000000	0.00000000	-0.02971382
-928.00000000	0.36257143	0.00000000	0.21609684	0.00000000	0.00000000	0.01681122	0.00420281	0.01075918	0.00000000	0.00000000	-0.00420281
-928.00000000	0.54385714	0.00000000	0.67861892	0.00000000	0.00000000	0.16578851	0.04144713	0.10610465	0.00000000	0.00000000	-0.04144713
-928.00000000	0.72514286	0.00000000	1.00678355	0.00000000	0.00000000	0.36490072	0.09122518	0.23353646	0.00000000	0.00000000	-0.09122518
-928.00000000	0.90642857	0.00000000	1.26132782	0.00000000	0.00000000	0.57274123	0.14318531	0.36655439	0.00000000	0.00000000	-0.14318531
-928.00000000	1.08771429	0.00000000	1.46930563	0.00000000	0.00000000	0.77718925	0.19429731	0.49740112	0.00000000	0.00000000	-0.19429731
-928.00000000	1.26900000	0.00000000	1.64514836	0.00000000	0.00000000	0.97434472	0.24358618	0.62358062	0.00000000	0.00000000	-0.24358618
-928.00000000	1.45028571	0.00000000	1.79747026	0.00000000	0.00000000	1.16312376	0.29078094	0.74439921	0.00000000	0.00000000	-0.29078094
-928.00000000	1.63157143	0.00000000	1.93182770	0.00000000	0.00000000	1.34350498	0.33587624	0.85984319	0.00000000	0.00000000	-0.33587624
-928.00000000	1.81285714	0.00000000	2.05201453	0.00000000	0.00000000	1.51587490	0.37896873	0.97015994	0.00000000	0.00000000	-0.37896873
-928.00000000	1.99414286	0.00000000	2.16073674	0.00000000	0.00000000	1.68076197	0.42019049	1.07568766	0.00000000	0.00000000	-0.42019049
-928.00000000	2.17542857	0.00000000	2.25999234	0.00000000	0.00000000	1.83872353	0.45968088	1.17678306	0.00000000	0.00000000	-0.45968088
-928.00000000	2.35671429	0.00000000	2.35129864	0.00000000	0.00000000	1.99029790	0.49757448	1.27379066	0.00000000	0.00000000	-0.49757448
-928.00000000	2.53800000	0.00000000	2.43583507	0.00000000	0.00000000	2.13598529	0.53399632	1.36703059	0.00000000	0.00000000	-0.53399632
-928.00000000	2.71928571	0.00000000	2.51453660	0.00000000	0.00000000	2.27624196	0.56906049	1.45679485	0.00000000	0.00000000	-0.56906049
-928.00000000	2.90057143	0.00000000	2.58815697	0.00000000	0.00000000	2.41148034	0.60287009	1.54334742	0.00000000	0.00000000	-0.60287009
-928.00000000	3.08185714	0.00000000	2.65731268	0.00000000	0.00000000	2.54207184	0.63551796	1.62692598	0.00000000	0.00000000	-0.63551796
-928.00000000	3.26314286	0.00000000	2.72251441	0.00000000	0.00000000	2.66835050	0.66708762	1.70774432	0.00000000	0.00000000	-0.66708762
-928.00000000	3.44442857	0.00000000	2.78418996	0.00000000	0.00000000	2.79061694	0.69765424	1.78599484	0.00000000	0.00000000	-0.69765424
-928.00000000	3.62571429	0.00000000	2.84270124	0.00000000	0.00000000	2.90914211	0.72728553	1.86185095	0.00000000	0.00000000	-0.72728553
-928.00000000	3.80700000	0.00000000	2.89835714	0.00000000	0.00000000	3.02417068	0.75604267	1.93546924	0.00000000	0.00000000	-0.75604267
-928.00000000	3.98828571	0.00000000	2.95142345	0.00000000	0.00000000	3.13592413	0.78398103	2.00699144	0.00000000	0.00000000	-0.78398103
-928.00000000	4.16957143	0.00000000	3.00213045	0.00000000	0.00000000	3.24460341	0.81115085	2.07654618	0.00000000	0.00000000	-0.81115085
-928.00000000	4.35085714	0.00000000	3.05067904	0.00000000	0.00000000	3.35039135	0.83759784	2.14425046	0.00000000	0.00000000	-0.83759784
-928.00000000	4.53214286	0.00000000	3.09724550	0.00000000	0.00000000	3.45345469	0.86336367	2.21021100	0.00000000	0.00000000	-0.86336367
-928.00000000	4.71342857	0.00000000	3.14198535	0.00000000	0.00000000	3.55394589	0.88848647	2.27452537	0.00000000	0.00000000	-0.87495488
-928.00000000	4.89471429	0.00000000	3.18503649	0.00000000	0.00000000	3.65200467	0.91300117	2.33728299	0.00000000	0.00000000	-0.87495488
-928.00000000	5.07600000	0.00000000	3.22652178	0.00000000	0.00000000	3.74775940	0.93693985	2.39856602	0.00000000	0.00000000	-0.87495488
-928.00000000	5.25728571	0.00000000	3.26655114	0.00000000	0.00000000	3.84132829	0.96033207	2.45845010	0.00000000	0.00000000	-0.87495488
-928.00000000	5.43857143	0.00000000	3.30522331	0.00000000	0.00000000	3.93282041	0.98320510	2.51700506	0.00000000	0.00000000	-0.87495488
-928.00000000	5.61985714	0.00000000	3.34262731	0.00000000	0.00000000	4.02233664	1.00558416	2.57429545	0.00000000	0.00000000	-0.87495488
-928.00000000	5.80114286	0.00000000	3.37884368	0.00000000	0.00000000	4.10997046	1.02749261	2.63038109	0.00000000	0.00000000	-0.87495488
-928.00000000	5.98242857	0.00000000	3.41394552	0.00000000	0.00000000	4.19580864	1.04895216	2.68531753	0.00000000	0.00000000	-0.87495488
-928.00000000	6.16371429	0.00000000	3.44799939	0.00000000	0.00000000	4.27993191	1.06998298	2.73915642	0.00000000	0.00000000	-0.87495488
-928.00000000	6.34500000	0.00000000	3.48106604	0.00000000	0.00000000	4.36241548	1.09060387	2.79194591	0.00000000	0.00000000	-0.87495488
-928.00000000	6.52628571	0.00000000	3.51320112	0.00000000	0.00000000	4.44332956	1.11083239	2.84373092	0.00000000	0.00000000	-0.87495488
-928.00000000	6.70757143	0.00000000	3.54445567	0.00000000	0.00000000	4.52273976	1.13068494	2.89455345	0.00000000	0.00000000	-0.87495488
-928.00000000	6.88885714	0.00000000	3.57487667	0.00000000	0.00000000	4.60070755	1.15017689	2.94445283	0.00000000	0.00000000	-0.87495488
-928.00000000	7.07014286	0.00000000	3.60450742	0.00000000	0.00000000	4.67729055	1.16932264	2.99346595	0.00000000	0.00000000	-0.87495488
-928.00000000	7.25142857	0.00000000	3.63338794	0.00000000	0.00000000	4.75254287	1.18813572	3.04162743	0.00000000	0.00000000	-0.87495488
-928.00000000	7.43271429	0.00000000	3.66155530	0.00000000	0.00000000	4.82651539	1.20662885	3.08896985	0.00000000	0.00000000	-0.87495488
-928.00000000	7.61400000	0.00000000	3.68904385	0.00000000	0.00000000	4.89925603	1.22481401	3.13552386	0.00000000	0.00000000	-0.87495488
-928.00000000	7.79528571	0.00000000	3.71588556	0.00000000	0.00000000	4.97080997	1.24270249	3.18131838	0.00000000	0.00000000	-0.87495488
-928.00000000	7.97657143	0.00000000	3.74211015	0.00000000	0.00000000	5.04121982	1.26030496	3.22638069	0.00000000	0.00000000	-0.87495488
-928.00000000	8.15785714	0.00000000	3.76774539	0.00000000	0.00000000	5.11052590	1.27763148	3.27073658	0.00000000	0.00000000	-0.87495488
-928.00000000	8.33914286	0.00000000	3.79281716	0.00000000	0.00000000	5.17876632	1.29469158	3.31441045	0.00000000	0.00000000	-0.87495488
-928.00000000	8.52042857	0.00000000	3.81734971	0.00000000	0.00000000	5.24597718	1.31149429	3.35742539	0.00000000	0.00000000	-0.87495488
-928.00000000	8.70171429	0.00000000	3.84136575	0.00000000	0.00000000	5.31219271	1.32804818	3.39980333	0.00000000	0.00000000	-0.87495488
-928.00000000	8.88300000	0.00000000	3.86488658	0.00000000	0.00000000	5.37744539	1.34436135	3.44156505	0.00000000	0.00000000	-0.87495488
-928.00000000	9.06428571	0.00000000	3.88793221	0.00000000	0.00000000	5.44176608	1.36044152	3.48273029	0.00000000	0.00000000	-0.87495488
-928.00000000	9.24557143	0.00000000	3.91052146	0.00000000	0.00000000	5.50518411	1.37629603	3.52331783	0.00000000	0.00000000	-0.87495488
-928.00000000	9.42685714	0.00000000	3.93267205	0.00000000	0.00000000	5.56772742	1.39193185	3.56334555	0.00000000	0.00000000	-0.87495488
-928.00000000	9.60814286	0.00000000	3.95440071	0.00000000	0.00000000	5.62942258	1.40735565	3.60283045	0.00000000	0.00000000	-0.87495488
-928.00000000	9.78942857	0.00000000	3.97572319	0.00000000	0.00000000	5.69029497	1.42257374	3.64178878	0.00000000	0.00000000	-0.87495488
-928.00000000	9.97071429	0.00000000	3.99665442	0.00000000	0.00000000	5.75036876	1.43759219	3.68023600	0.00000000	0.00000000	-0.87495488
-928.00000000	10.15200000	0.00000000	4.01720849	0.00000000	0.00000000	5.80966704	1.45241676	3.71818691	0.00000000	0.00000000	-0.87495488
-928.00000000	10.33328571	0.00000000	4.03739874	0.00000000	0.00000000	5.86821190	1.46705297	3.75565562	0.00000000	0.00000000	-0.87495488
-928.00000000	10.51457143	0.00000000	4.05723785	0.00000000	0.00000000	5.92602442	1.48150611	3.79265563	0.00000000	0.00000000	-0.87495488
-928.00000000	10.69585714	0.00000000	4.07673781	0.00000000	0.00000000	5.98312481	1.49578120	3.82919988	0.00000000	0.00000000	-0.87495488
-928.00000000	10.87714286	0.00000000	4.09591002	0.00000000	0.00000000	6.03953240	1.50988310	3.86530074	0.00000000	0.00000000	-0.87495488
-928.00000000	11.05842857	0.00000000	4.11476532	0.00000000	0.00000000	6.09526571	1.52381643	3.90097006	0.00000000	0.00000000	-0.87495488
-928.00000000	11.23971429	0.00000000	4.13331402	0.00000000	0.00000000	6.15034252	1.53758563	3.93621921	0.00000000	0.00000000	-0.87495488
-928.00000000	11.42100000	0.00000000	4.15156593	0.00000000	0.00000000	6.20477987	1.55119497	3.97105912	0.00000000	0.00000000	-0.87495488
-928.00000000	11.60228571	0.00000000	4.16953039	0.00000000	0.00000000	6.25859412	1.56464853	4.00550023	0.00000000	0.00000000	-0.87495488
-928.00000000	11.78357143	0.00000000	4.18721632	0.00000000	0.00000000	6.31180098	1.57795025	4.03955263	0.00000000	0.00000000	-0.87495488
-928.00000000	11.96485714	0.00000000	4.20463223	0.00000000	0.00000000	6.36441558	1.59110390	4.07322597	0.00000000	0.00000000	-0.87495488
-928.00000000	12.14614286	0.00000000	4.22178623	0.00000000	0.00000000	6.41645244	1.60411311	4.10652956	0.00000000	0.00000000	-0.87495488
-928.00000000	12.32742857	0.00000000	4.23868609	0.00000000	0.00000000	6.46792553	1.61698138	4.13947234	0.00000000	0.00000000	-0.87495488
-928.00000000	12.50871429	0.00000000	4.25533923	0.00000000	0.00000000	6.51884832	1.62971208	4.17206292	0.00000000	0.00000000	-0.87495488
-928.00000000	12.69000000	0.00000000	4.27175275	0.00000000	0.00000000	6.56923376	1.64230844	4.20430961	0.00000000	0.00000000	-0.87495488
-928.00000000	12.87128571	0.00000000	4.28793344	0.00000000	0.00000000	6.61909436	1.65477359	4.23622039	0.00000000	0.00000000	-0.87495488
-928.00000000	13.05257143	0.00000000	4.30388783	0.00000000	0.00000000	6.66844216	1.66711054	4.26780298	0.00000000	0.00000000	-0.87495488
-928.00000000	13.23385714	0.00000000	4.31962214	0.00000000	0.00000000	6.71728877	1.67932219	4.29906481	0.00000000	0.00000000	-0.87495488
-928.00000000	13.41514286	0.00000000	4.33514238	0.00000000	0.00000000	6.76564540	1.69141135	4.33001306	0.00000000	0.00000000	-0.87495488
-928.00000000	13.59642857	0.00000000	4.35045429	0.00000000	0.00000000	6.81352290	1.70338072	4.36065465	0.00000000	0.00000000	-0.87495488
-928.00000000	13.77771429	0.00000000	4.36556338	0.00000000	0.00000000	6.86093170	1.71523292	4.39099629	0.00000000	0.00000000	-0.87495488
-928.00000000	13.95900000	0.00000000	4.38047496	0.00000000	0.00000000	6.90788191	1.72697048	4.42104442	0.00000000	0.00000000	-0.87495488
-928.00000000	14.14028571	0.00000000	4.39519413	0.00000000	0.00000000	6.95438331	1.73859583	4.45080532	0.00000000	0.00000000	-0.87495488
-928.00000000	14.32157143	0.00000000	4.40972579	0.00000000	0.00000000	7.00044535	1.75011134	4.48028502	0.00000000	0.00000000	-0.87495488
-928.00000000	14.50285714	0.00000000	4.42407465	0.00000000	0.00000000	7.04607715	1.76151929	4.50948938	0.00000000	0.00000000	-0.87495488
-928.00000000	14.68414286	0.00000000	4.43824527	0.00000000	0.00000000	7.09128758	1.77282190	4.53842405	0.00000000	0.00000000	-0.87495488
-928.00000000	14.86542857	0.00000000	4.45224201	0.00000000	0.00000000	7.13608520	1.78402130	4.56709452	0.00000000	0.00000000	-0.87495488
-928.00000000	15.04671429	0.00000000	4.46606908	0.00000000	0.00000000	7.18047829	1.79511957	4.59550611	0.00000000	0.00000000	-0.87495488
-928.00000000	15.22800000	0.00000000	4.47973056	0.00000000	0.00000000	7.22447492	1.80611873	4.62366395	0.00000000	0.00000000	-0.87495488
-928.00000000	15.40928571	0.00000000	4.49323036	0.00000000	0.00000000	7.26808286	1.81702072	4.65157303	0.00000000	0.00000000	-0.87495488
-928.00000000	15.59057143	0.00000000	4.50657226	0.00000000	0.00000000	7.31130968	1.82782742	4.67923820	0.00000000	0.00000000	-0.87495488
-928.00000000	15.77185714	0.00000000	4.51975992	0.00000000	0.00000000	7.35416271	1.83854068	4.70666414	0.00000000	0.00000000	-0.87495488
-928.00000000	15.95314286	0.00000000	4.53279686	0.00000000	0.00000000	7.39664906	1.84916227	4.73385540	0.00000000	0.00000000	-0.87495488
-928.00000000	16.13442857	0.00000000	4.54568649	0.00000000	0.00000000	7.43877563	1.85969391	4.76081641	0.00000000	0.00000000	-0.87495488
-928.00000000	16.31571429	0.00000000	4.55843209	0.00000000	0.00000000	7.48054913	1.87013728	4.78755145	0.00000000	0.00000000	-0.87495488
-928.00000000	16.49700000	0.00000000	4.57103686	0.00000000	0.00000000	7.52197607	1.88049402	4.81406469	0.00000000	0.00000000	-0.87495488
-928.00000000	16.67828571	0.00000000	4.58350387	0.00000000	0.00000000	7.56306277	1.89076569	4.84036017	0.00000000	0.00000000	-0.87495488
-928.00000000	16.85957143	0.00000000	4.59583609	0.00000000	0.00000000	7.60381538	1.90095385	4.86644185	0.00000000	0.00000000	-0.87495488
-928.00000000	17.04085714	0.00000000	4.60803642	0.00000000	0.00000000	7.64423988	1.91105997	4.89231352	0.00000000	0.00000000	-0.87495488
-928.00000000	17.22214286	0.00000000	4.62010764	0.00000000	0.00000000	7.68434207	1.92108552	4.91797892	0.00000000	0.00000000	-0.87495488
-928.00000000	17.40342857	0.00000000	4.63205246	0.00000000	0.00000000	7.72412760	1.93103190	4.94344167	0.00000000	0.00000000	-0.87495488
-928.00000000	17.58471429	0.00000000	4.64387350	0.00000000	0.00000000	7.76360198	1.94090050	4.96870527	0.00000000	0.00000000	-0.87495488
-928.00000000	17.76600000	0.00000000	4.65557329	0.00000000	0.00000000	7.80277056	1.95069264	4.99377316	0.00000000	0.00000000	-0.87495488
-928.00000000	17.94728571	0.00000000	4.66715430	0.00000000	0.00000000	7.84163854	1.96040964	5.01864867	0.00000000	0.00000000	-0.87495488
-928.00000000	18.12857143	0.00000000	4.67861892	0.00000000	0.00000000	7.88021100	1.97005275	5.04333504	0.00000000	0.00000000	-0.87495488
-928.00000000	18.30985714	0.00000000	4.68996946	0.00000000	0.00000000	7.91849287	1.97962322	5.06783544	0.00000000	0.00000000	-0.87495488
-928.00000000	18.49114286	0.00000000	4.70120817	0.00000000	0.00000000	7.95648897	1.98912224	5.09215294	0.00000000	0.00000000	-0.87495488
-928.00000000	18.67242857	0.00000000	4.71233723	0.00000000	0.00000000	7.99420398	1.99855100	5.11629055	0.00000000	0.00000000	-0.87495488
-928.00000000	18.85371429	0.00000000	4.72335876	0.00000000	0.00000000	8.03164248	2.00791062	5.14025119	0.00000000	0.00000000	-0.87495488
-928.00000000	19.03500000	0.00000000	4.73427483	0.00000000	0.00000000	8.06880892	2.01720223	5.16403771	0.00000000	0.00000000	-0.87495488
-928.00000000	19.21628571	0.00000000	4.74508742	0.00000000	0.00000000	8.10570765	2.02642691	5.18765290	0.00000000	0.00000000	-0.87495488
-928.00000000	19.39757143	0.00000000	4.75579848	0.00000000	0.00000000	8.14234290	2.03558573	5.21109946	0.00000000	0.00000000	-0.87495488
-928.00000000	19.57885714	0.00000000	4.76640990	0.00000000	0.00000000	8.17871881	2.04467970	5.23438004	0.00000000	0.00000000	-0.87495488
-928.00000000	19.76014286	0.00000000	4.77692352	0.00000000	0.00000000	8.21483940	2.05370985	5.25749722	0.00000000	0.00000000	-0.87495488
-928.00000000	19.94142857	0.00000000	4.78734113	0.00000000	0.00000000	8.25070863	2.06267716	5.28045352	0.00000000	0.00000000	-0.87495488
-928.00000000	20.12271429	0.00000000	4.79766445	0.00000000	0.00000000	8.28633032	2.07158258	5.30325140	0.00000000	0.00000000	-0.87495488
-928.00000000	20.30400000	0.00000000	4.80789519	0.00000000	0.00000000	8.32170823	2.08042706	5.32589327	0.00000000	0.00000000	-0.87495488
-928.00000000	20.48528571	0.00000000	4.81803499	0.00000000	0.00000000	8.35684603	2.08921151	5.34838146	0.00000000	0.00000000	-0.87495488
-928.00000000	20.66657143	0.00000000	4.82808545	0.00000000	0.00000000	8.39174729	2.09793682	5.37071826	0.00000000	0.00000000	-0.87495488
-928.00000000	20.84785714	0.00000000	4.83804813	0.00000000	0.00000000	8.42641551	2.10660388	5.39290592	0.00000000	0.00000000	-0.87495488
-928.00000000	21.02914286	0.00000000	4.84792456	0.00000000	0.00000000	8.46085410	2.11521353	5.41494663	0.00000000	0.00000000	-0.87495488
-928.00000000	21.21042857	0.00000000	4.85771620	0.00000000	0.00000000	8.49506642	2.12376660	5.43684251	0.00000000	0.00000000	-0.87495488
-928.00000000	21.39171429	0.00000000	4.86742452	0.00000000	0.00000000	8.52905571	2.13226393	5.45859565	0.00000000	0.00000000	-0.87495488
-928.00000000	21.57300000	0.00000000	4.87705090	0.00000000	0.00000000	8.56282517	2.14070629	5.48020811	0.00000000	0.00000000	-0.87495488
-928.00000000	21.75428571	0.00000000	4.88659673	0.00000000	0.00000000	8.59637793	2.14909448	5.50168187	0.00000000	0.00000000	-0.87495488
-928.00000000	21.93557143	0.00000000	4.89606334	0.00000000	0.00000000	8.62971703	2.15742926	5.52301890	0.00000000	0.00000000	-0.87495488
-928.00000000	22.11685714	0.00000000	4.90545203	0.00000000	0.00000000	8.66284546	2.16571137	5.54422110	0.00000000	0.00000000	-0.87495488
-928.00000000	22.29814286	0.00000000	4.91476408	0.00000000	0.00000000	8.69576615	2.17394154	5.56529033	0.00000000	0.00000000	-0.87495488
-928.00000000	22.47942857	0.00000000	4.92400073	0.00000000	0.00000000	8.72848194	2.18212049	5.58622844	0.00000000	0.00000000	-0.87495488
-928.00000000	22.66071429	0.00000000	4.93316319	0.00000000	0.00000000	8.76099564	2.19024891	5.60703721	0.00000000	0.00000000	-0.87495488
-928.00000000	22.84200000	0.00000000	4.94225263	0.00000000	0.00000000	8.79330999	2.19832750	5.62771840	0.00000000	0.00000000	-0.87495488
-928.00000000	23.02328571	0.00000000	4.95127023	0.00000000	0.00000000	8.82542768	2.20635692	5.64827371	0.00000000	0.00000000	-0.87495488
-928.00000000	23.20457143	0.00000000	4.96021710	0.00000000	0.00000000	8.85735131	2.21433783	5.66870484	0.00000000	0.00000000	-0.87495488
-928.00000000	23.38585714	0.00000000	4.96909434	0.00000000	0.00000000	8.88908347	2.22227087	5.68901342	0.00000000	0.00000000	-0.87495488
-928.00000000	23.56714286	0.00000000	4.97790303	0.00000000	0.00000000	8.92062668	2.23015667	5.70920108	0.00000000	0.00000000	-0.87495488
-928.00000000	23.74842857	0.00000000	4.98664422	0.00000000	0.00000000	8.95198341	2.23799585	5.72926938	0.00000000	0.00000000	-0.87495488
-928.00000000	23.92971429	0.00000000	4.99531894	0.00000000	0.00000000	8.98315606	2.24578901	5.74921988	0.00000000	0.00000000	-0.87495488
-928.00000000	24.11100000	0.00000000	5.00392818	0.00000000	0.00000000	9.01414702	2.25353675	5.76905409	0.00000000	0.00000000	-0.87495488
-928.00000000	24.29228571	0.00000000	5.01247294	0.00000000	0.00000000	9.04495859	2.26123965	5.78877350	0.00000000	0.00000000	-0.87495488
-928.00000000	24.47357143	0.00000000	5.02095417	0.00000000	0.00000000	9.07559307	2.26889827	5.80837957	0.00000000	0.00000000	-0.87495488
-928.00000000	24.65485714	0.00000000	5.02937280	0.00000000	0.00000000	9.10605268	2.27651317	5.82787372	0.00000000	0.00000000	-0.87495488
-928.00000000	24.83614286	0.00000000	5.03772976	0.00000000	0.00000000	9.13633961	2.28408490	5.84725735	0.00000000	0.00000000	-0.87495488
-928.00000000	25.01742857	0.00000000	5.04602594	0.00000000	0.00000000	9.16645601	2.29161400	5.86653185	0.00000000	0.00000000	-0.87495488
-928.00000000	25.19871429	0.00000000	5.05426222	0.00000000	0.00000000	9.19640398	2.29910099	5.88569855	0.00000000	0.00000000	-0.87495488
-928.00000000	25.38000000	0.00000000	5.06243946	0.00000000	0.00000000	9.22618558	2.30654640	5.90475877	0.00000000	0.00000000	-0.87495488
-928.00000000	25.56128571	0.00000000	5.07055850	0.00000000	0.00000000	9.25580285	2.31395071	5.92371382	0.00000000	0.00000000	-0.87495488
-928.00000000	25.74257143	0.00000000	5.07862015	0.00000000	0.00000000	9.28525776	2.32131444	5.94256497	0.00000000	0.00000000	-0.87495488
-928.00000000	25.92385714	0.00000000	5.08662524	0.00000000	0.00000000	9.31455227	2.32863807	5.96131345	0.00000000	0.00000000	-0.87495488
-928.00000000	26.10514286	0.00000000	5.09457454	0.00000000	0.00000000	9.34368829	2.33592207	5.97996051	0.00000000	0.00000000	-0.87495488
-928.00000000	26.28642857	0.00000000	5.10246882	0.00000000	0.00000000	9.37266771	2.34316693	5.99850733	0.00000000	0.00000000	-0.87495488
-928.00000000	26.46771429	0.00000000	5.11030885	0.00000000	0.00000000	9.40149236	2.35037309	6.01695511	0.00000000	0.00000000	-0.87495488
-928.00000000	26.64900000	0.00000000	5.11809537	0.00000000	0.00000000	9.43016406	2.35754102	6.03530500	0.00000000	0.00000000	-0.87495488
-928.00000000	26.83028571	0.00000000	5.12582909	0.00000000	0.00000000	9.45868458	2.36467115	6.05355813	0.00000000	0.00000000	-0.87495488
-928.00000000	27.01157143	0.00000000	5.13351073	0.00000000	0.00000000	9.48705568	2.37176392	6.07171563	0.00000000	0.00000000	-0.87495488
-928.00000000	27.19285714	0.00000000	5.14114099	0.00000000	0.00000000	9.51527906	2.37881976	6.08977860	0.00000000	0.00000000	-0.87495488
-928.00000000	27.37414286	0.00000000	5.14872056	0.00000000	0.00000000	9.54335641	2.38583910	6.10774810	0.00000000	0.00000000	-0.87495488
-928.00000000	27.55542857	0.00000000	5.15625009	0.00000000	0.00000000	9.57128938	2.39282235	6.12562520	0.00000000	0.00000000	-0.87495488
-928.00000000	27.73671429	0.00000000	5.16373024	0.00000000	0.00000000	9.59907961	2.39976990	6.14341095	0.00000000	0.00000000	-0.87495488
-928.00000000	27.91800000	0.00000000	5.17116167	0.00000000	0.00000000	9.62672868	2.40668217	6.16110635	0.00000000	0.00000000	-0.87495488
-928.00000000	28.09928571	0.00000000	5.17854499	0.00000000	0.00000000	9.65423817	2.41355954	6.17871243	0.00000000	0.00000000	-0.87495488
-928.00000000	28.28057143	0.00000000	5.18588084	0.00000000	0.00000000	9.68160962	2.42040241	6.19623016	0.00000000	0.00000000	-0.87495488
-928.00000000	28.46185714	0.00000000	5.19316981	0.00000000	0.00000000	9.70884455	2.42721114	6.21366051	0.00000000	0.00000000	-0.87495488
-928.00000000	28.64314286	0.00000000	5.20041250	0.00000000	0.00000000	9.73594445	2.43398611	6.23100445	0.00000000	0.00000000	-0.87495488
-928.00000000	28.82442857	0.00000000	5.20760949	0.00000000	0.00000000	9.76291078	2.44072769	6.24826290	0.00000000	0.00000000	-0.87495488
-928.00000000	29.00571429	0.00000000	5.21476136	0.00000000	0.00000000	9.78974498	2.44743625	6.26543679	0.00000000	0.00000000	-0.87495488
-928.00000000	29.18700000	0.00000000	5.22186867	0.00000000	0.00000000	9.81644848	2.45411212	6.28252703	0.00000000	0.00000000	-0.87495488
-928.00000000	29.36828571	0.00000000	5.22893198	0.00000000	0.00000000	9.84302266	2.46075567	6.29953450	0.00000000	0.00000000	-0.87495488
-928.00000000	29.54957143	0.00000000	5.23595181	0.00000000	0.00000000	9.86946890	2.46736722	6.31646010	0.00000000	0.00000000	-0.87495488
-928.00000000	29.73085714	0.00000000	5.24292871	0.00000000	0.00000000	9.89578854	2.47394714	6.33330467	0.00000000	0.00000000	-0.87495488
-928.00000000	29.91214286	0.00000000	5.24986320	0.00000000	0.00000000	9.92198291	2.48049573	6.35006906	0.00000000	0.00000000	-0.87495488
-928.00000000	30.09342857	0.00000000	5.25675579	0.00000000	0.00000000	9.94805332	2.48701333	6.36675412	0.00000000	0.00000000	-0.87495488
-928.00000000	30.27471429	0.00000000	5.26360698	0.00000000	0.00000000	9.97400104	2.49350026	6.38336067	0.00000000	0.00000000	-0.87495488
-928.00000000	30.45600000	0.00000000	5.27041727	0.00000000	0.00000000	9.99982734	2.49995684	6.39988950	0.00000000	0.00000000	-0.87495488
-928.00000000	30.63728571	0.00000000	5.27718714	0.00000000	0.00000000	10.02553347	2.50638337	6.41634142	0.00000000	0.00000000	-0.87495488
-928.00000000	30.81857143	0.00000000	5.28391707	0.00000000	0.00000000	10.05112065	2.51278016	6.43271722	0.00000000	0.00000000	-0.87495488
-928.00000000	30.99985714	0.00000000	5.29060753	0.00000000	0.00000000	10.07659008	2.51914752	6.44901765	0.00000000	0.00000000	-0.87495488
-928.00000000	31.18114286	0.00000000	5.29725897	0.00000000	0.00000000	10.10194294	2.52548574	6.46524348	0.00000000	0.00000000	-0.87495488
-928.00000000	31.36242857	0.00000000	5.30387186	0.00000000	0.00000000	10.12718041	2.53179510	6.48139546	0.00000000	0.00000000	-0.87495488
-928.00000000	31.54371429	0.00000000	5.31044663	0.00000000	0.00000000	10.15230363	2.53807591	6.49747432	0.00000000	0.00000000	-0.87495488
-928.00000000	31.72500000	0.00000000	5.31698373	0.00000000	0.00000000	10.17731374	2.54432843	6.51348079	0.00000000	0.00000000	-0.87495488
-928.00000000	31.90628571	0.00000000	5.32348357	0.00000000	0.00000000	10.20221184	2.55055296	6.52941558	0.00000000	0.00000000	-0.87495488
-928.00000000	32.08757143	0.00000000	5.32994659	0.00000000	0.00000000	10.22699903	2.55674976	6.54527938	0.00000000	0.00000000	-0.87495488
-928.00000000	32.26885714	0.00000000	5.33637320	0.00000000	0.00000000	10.25167640	2.56291910	6.56107290	0.00000000	0.00000000	-0.87495488
-928.00000000	32.45014286	0.00000000	5.34276380	0.00000000	0.00000000	10.27624501	2.56906125	6.57679681	0.00000000	0.00000000	-0.87495488
-928.00000000	32.63142857	0.00000000	5.34911880	0.00000000	0.00000000	10.30070591	2.57517648	6.59245178	0.00000000	0.00000000	-0.87495488
-928.00000000	32.81271429	0.00000000	5.35543860	0.00000000	0.00000000	10.32506012	2.58126503	6.60803848	0.00000000	0.00000000	-0.87495488
-928.00000000	32.99400000	0.00000000	5.36172357	0.00000000	0.00000000	10.34930867	2.58732717	6.62355755	0.00000000	0.00000000	-0.87495488
-928.00000000	33.17528571	0.00000000	5.36797410	0.00000000	0.00000000	10.37345255	2.59336314	6.63900963	0.00000000	0.00000000	-0.87495488
-928.00000000	33.35657143	0.00000000	5.37419058	0.00000000	0.00000000	10.39749277	2.59937319	6.65439537	0.00000000	0.00000000	-0.87495488
-928.00000000	33.53785714	0.00000000	5.38037335	0.00000000	0.00000000	10.42143028	2.60535757	6.66971538	0.00000000	0.00000000	-0.87495488
-928.00000000	33.71914286	0.00000000	5.38652280	0.00000000	0.00000000	10.44526604	2.61131651	6.68497027	0.00000000	0.00000000	-0.87495488
-928.00000000	33.90042857	0.00000000	5.39263928	0.00000000	0.00000000	10.46900101	2.61725025	6.70016065	0.00000000	0.00000000	-0.87495488
-928.00000000	34.08171429	0.00000000	5.39872313	0.00000000	0.00000000	10.49263612	2.62315903	6.71528711	0.00000000	0.00000000	-0.87495488
-928.00000000	34.26300000	0.00000000	5.40477471	0.00000000	0.00000000	10.51617227	2.62904307	6.73035025	0.00000000	0.00000000	-0.87495488
-928.00000000	34.44428571	0.00000000	5.41079435	0.00000000	0.00000000	10.53961039	2.63490260	6.74535065	0.00000000	0.00000000	-0.87495488
-928.00000000	34.62557143	0.00000000	5.41678240	0.00000000	0.00000000	10.56295135	2.64073784	6.76028886	0.00000000	0.00000000	-0.87495488
-928.00000000	34.80685714	0.00000000	5.42273917	0.00000000	0.00000000	10.58619604	2.64654901	6.77516547	0.00000000	0.00000000	-0.87495488
-928.00000000	34.98814286	0.00000000	5.42866500	0.00000000	0.00000000	10.60934533	2.65233633	6.78998101	0.00000000	0.00000000	-0.87495488
-928.00000000	35.16942857	0.00000000	5.43456021	0.00000000	0.00000000	10.63240007	2.65810002	6.80473605	0.00000000	0.00000000	-0.87495488
-928.00000000	35.35071429	0.00000000	5.44042510	0.00000000	0.00000000	10.65536111	2.66384028	6.81943111	0.00000000	0.00000000	-0.87495488
-928.00000000	35.53200000	0.00000000	5.44626000	0.00000000	0.00000000	10.67822927	2.66955732	6.83406674	0.00000000	0.00000000	-0.87495488
-928.00000000	35.71328571	0.00000000	5.45206520	0.00000000	0.00000000	10.70100539	2.67525135	6.84864345	0.00000000	0.00000000	-0.87495488
-928.00000000	35.89457143	0.00000000	5.45784101	0.00000000	0.00000000	10.72369026	2.68092256	6.86316177	0.00000000	0.00000000	-0.87495488
-928.00000000	36.07585714	0.00000000	5.46358772	0.00000000	0.00000000	10.74628469	2.68657117	6.87762220	0.00000000	0.00000000	-0.87495488
-928.00000000	36.25714286	0.00000000	5.46930563	0.00000000	0.00000000	10.76878946	2.69219736	6.89202525	0.00000000	0.00000000	-0.87495488
-928.00000000	36.43842857	0.00000000	5.47499502	0.00000000	0.00000000	10.79120535	2.69780134	6.90637142	0.00000000	0.00000000	-0.87495488
-928.00000000	36.61971429	0.00000000	5.48065617	0.00000000	0.00000000	10.81353313	2.70338328	6.92066120	0.00000000	0.00000000	-0.87495488
-928.00000000	36.80100000	0.00000000	5.48628936	0.00000000	0.00000000	10.83577355	2.70894339	6.93489507	0.00000000	0.00000000	-0.87495488
-928.00000000	36.98228571	0.00000000	5.49189488	0.00000000	0.00000000	10.85792736	2.71448184	6.94907351	0.00000000	0.00000000	-0.87495488
-928.00000000	37.16357143	0.00000000	5.49747298	0.00000000	0.00000000	10.87999530	2.71999882	6.96319699	0.00000000	0.00000000	-0.87495488
-928.00000000	37.34485714	0.00000000	5.50302394	0.00000000	0.00000000	10.90197809	2.72549452	6.97726598	0.00000000	0.00000000	-0.87495488
-928.00000000	37.52614286	0.00000000	5.50854802	0.00000000	0.00000000	10.92387645	2.73096911	6.99128093	0.00000000	0.00000000	-0.87495488
-928.00000000	37.70742857	0.00000000	5.51404547	0.00000000	0.00000000	10.94569109	2.73642277	7.00524230	0.00000000	0.00000000	-0.87495488
-928.00000000	37.88871429	0.00000000	5.51951656	0.00000000	0.00000000	10.96742270	2.74185568	7.01915053	0.00000000	0.00000000	-0.87495488
-928.00000000	38.07000000	0.00000000	5.52496153	0.00000000	0.00000000	10.98907198	2.74726800	7.03300607	0.00000000	0.00000000	-0.87495488
-928.00000000	38.25128571	0.00000000	5.53038064	0.00000000	0.00000000	11.01063961	2.75265990	7.04680935	0.00000000	0.00000000	-0.87495488
-928.00000000	38.43257143	0.00000000	5.53577412	0.00000000	0.00000000	11.03212626	2.75803156	7.06056080	0.00000000	0.00000000	-0.87495488
-928.00000000	38.61385714	0.00000000	5.54114223	0.00000000	0.00000000	11.05353259	2.76338315	7.07426086	0.00000000	0.00000000	-0.87495488
-928.00000000	38.79514286	0.00000000	5.54648519	0.00000000	0.00000000	11.07485926	2.76871481	7.08790992	0.00000000	0.00000000	-0.87495488
-928.00000000	38.97642857	0.00000000	5.55180324	0.00000000	0.00000000	11.09610691	2.77402673	7.10150842	0.00000000	0.00000000	-0.87495488
-928.00000000	39.15771429	0.00000000	5.55709661	0.00000000	0.00000000	11.11727619	2.77931905	7.11505676	0.00000000	0.00000000	-0.87495488
-928.00000000	39.33900000	0.00000000	5.56236553	0.00000000	0.00000000	11.13836772	2.78459193	7.12855534	0.00000000	0.00000000	-0.87495488
-928.00000000	39.52028571	0.00000000	5.56761023	0.00000000	0.00000000	11.15938213	2.78984553	7.14200456	0.00000000	0.00000000	-0.87495488
-928.00000000	39.70157143	0.00000000	5.57283093	0.00000000	0.00000000	11.18032003	2.79508001	7.15540482	0.00000000	0.00000000	-0.87495488
-928.00000000	39.88285714	0.00000000	5.57802784	0.00000000	0.00000000	11.20118204	2.80029551	7.16875650	0.00000000	0.00000000	-0.87495488
-928.00000000	40.06414286	0.00000000	5.58320118	0.00000000	0.00000000	11.22196874	2.80549219	7.18205999	0.00000000	0.00000000	-0.87495488
-928.00000000	40.24542857	0.00000000	5.58835116	0.00000000	0.00000000	11.24268074	2.81067018	7.19531567	0.00000000	0.00000000	-0.87495488
-928.00000000	40.42671429	0.00000000	5.59347800	0.00000000	0.00000000	11.26331862	2.81582965	7.20852392	0.00000000	0.00000000	-0.87495488
-928.00000000	40.60800000	0.00000000	5.59858190	0.00000000	0.00000000	11.28388295	2.82097074	7.22168509	0.00000000	0.00000000	-0.87495488
-928.00000000	40.78928571	0.00000000	5.60366307	0.00000000	0.00000000	11.30437432	2.82609358	7.23479957	0.00000000	0.00000000	-0.87495488
-928.00000000	40.97057143	0.00000000	5.60872170	0.00000000	0.00000000	11.32479328	2.83119832	7.24786770	0.00000000	0.00000000	-0.87495488
-928.00000000	41.15185714	0.00000000	5.61375800	0.00000000	0.00000000	11.34514039	2.83628510	7.26088985	0.00000000	0.00000000	-0.87495488
-928.00000000	41.33314286	0.00000000	5.61877216	0.00000000	0.00000000	11.36541621	2.84135405	7.27386638	0.00000000	0.00000000	-0.87495488
-928.00000000	41.51442857	0.00000000	5.62376438	0.00000000	0.00000000	11.38562128	2.84640532	7.28679762	0.00000000	0.00000000	-0.87495488
-928.00000000	41.69571429	0.00000000	5.62873484	0.00000000	0.00000000	11.40575613	2.85143903	7.29968392	0.00000000	0.00000000	-0.87495488
-928.00000000	41.87700000	0.00000000	5.63368374	0.00000000	0.00000000	11.42582130	2.85645533	7.31252563	0.00000000	0.00000000	-0.87495488
-928.00000000	42.05828571	0.00000000	5.63861127	0.00000000	0.00000000	11.44581732	2.86145433	7.32532309	0.00000000	0.00000000	-0.87495488
-928.00000000	42.23957143	0.00000000	5.64351759	0.00000000	0.00000000	11.46574470	2.86643618	7.33807661	0.00000000	0.00000000	-0.87495488
-928.00000000	42.42085714	0.00000000	5.64840291	0.00000000	0.00000000	11.48560396	2.87140099	7.35078654	0.00000000	0.00000000	-0.87495488
-928.00000000	42.60214286	0.00000000	5.65326740	0.00000000	0.00000000	11.50539561	2.87634890	7.36345319	0.00000000	0.00000000	-0.87495488
-928.00000000	42.78342857	0.00000000	5.65811122	0.00000000	0.00000000	11.52512014	2.88128004	7.37607689	0.00000000	0.00000000	-0.87495488
-928.00000000	42.96471429	0.00000000	5.66293457	0.00000000	0.00000000	11.54477806	2.88619452	7.38865796	0.00000000	0.00000000	-0.87495488
-928.00000000	43.14600000	0.00000000	5.66773761	0.00000000	0.00000000	11.56436986	2.89109246	7.40119671	0.00000000	0.00000000	-0.87495488
-928.00000000	43.32728571	0.00000000	5.67252051	0.00000000	0.00000000	11.58389601	2.89597400	7.41369344	0.00000000	0.00000000	-0.87495488
-928.00000000	43.50857143	0.00000000	5.67728344	0.00000000	0.00000000	11.60335700	2.90083925	7.42614848	0.00000000	0.00000000	-0.87495488
-928.00000000	43.68985714	0.00000000	5.68202656	0.00000000	0.00000000	11.62275330	2.90568833	7.43856211	0.00000000	0.00000000	-0.87495488
-928.00000000	43.87114286	0.00000000	5.68675005	0.00000000	0.00000000	11.64208539	2.91052135	7.45093465	0.00000000	0.00000000	-0.87495488
-928.00000000	44.05242857	0.00000000	5.69145405	0.00000000	0.00000000	11.66135372	2.91533843	7.46326638	0.00000000	0.00000000	-0.87495488
-928.00000000	44.23371429	0.00000000	5.69613874	0.00000000	0.00000000	11.68055875	2.92013969	7.47555760	0.00000000	0.00000000	-0.87495488
-928.00000000	44.41500000	0.00000000	5.70080427	0.00000000	0.00000000	11.69970094	2.92492523	7.48780860	0.00000000	0.00000000	-0.87495488
-928.00000000	44.59628571	0.00000000	5.70545079	0.00000000	0.00000000	11.71878073	2.92969518	7.50001967	0.00000000	0.00000000	-0.87495488
-928.00000000	44.77757143	0.00000000	5.71007846	0.00000000	0.00000000	11.73779857	2.93444964	7.51219109	0.00000000	0.00000000	-0.87495488
-928.00000000	44.95885714	0.00000000	5.71468744	0.00000000	0.00000000	11.75675490	2.93918872	7.52432313	0.00000000	0.00000000	-0.87495488
-928.00000000	45.14014286	0.00000000	5.71927786	0.00000000	0.00000000	11.77565014	2.94391254	7.53641609	0.00000000	0.00000000	-0.87495488
-928.00000000	45.32142857	0.00000000	5.72384989	0.00000000	0.00000000	11.79448474	2.94862118	7.54847023	0.00000000	0.00000000	-0.87495488
-928.00000000	45.50271429	0.00000000	5.72840367	0.00000000	0.00000000	11.81325910	2.95331478	7.56048583	0.00000000	0.00000000	-0.87495488
-928.00000000	45.68400000	0.00000000	5.73293934	0.00000000	0.00000000	11.83197366	2.95799342	7.57246314	0.00000000	0.00000000	-0.87495488
-928.00000000	45.86528571	0.00000000	5.73745705	0.00000000	0.00000000	11.85062883	2.96265721	7.58440245	0.00000000	0.00000000	-0.87495488
-928.00000000	46.04657143	0.00000000	5.74195694	0.00000000	0.00000000	11.86922501	2.96730625	7.59630401	0.00000000	0.00000000	-0.87495488
-928.00000000	46.22785714	0.00000000	5.74643914	0.00000000	0.00000000	11.88776261	2.97194065	7.60816807	0.00000000	0.00000000	-0.87495488
-928.00000000	46.40914286	0.00000000	5.75090380	0.00000000	0.00000000	11.90624205	2.97656051	7.61999491	0.00000000	0.00000000	-0.87495488
-928.00000000	46.59042857	0.00000000	5.75535106	0.00000000	0.00000000	11.92466370	2.98116593	7.63178477	0.00000000	0.00000000	-0.87495488
-928.00000000	46.77171429	0.00000000	5.75978105	0.00000000	0.00000000	11.94302797	2.98575699	7.64353790	0.00000000	0.00000000	-0.87495488
-928.00000000	46.95300000	0.00000000	5.76419389	0.00000000	0.00000000	11.96133525	2.99033381	7.65525456	0.00000000	0.00000000	-0.87495488
-928.00000000	47.13428571	0.00000000	5.76858974	0.00000000	0.00000000	11.97958592	2.99489648	7.66693499	0.00000000	0.00000000	-0.87495488
-928.00000000	47.31557143	0.00000000	5.77296871	0.00000000	0.00000000	11.99778036	2.99944509	7.67857943	0.00000000	0.00000000	-0.87495488
-928.00000000	47.49685714	0.00000000	5.77733093	0.00000000	0.00000000	12.01591895	3.00397974	7.69018813	0.00000000	0.00000000	-0.87495488
-928.00000000	47.67814286	0.00000000	5.78167653	0.00000000	0.00000000	12.03400207	3.00850052	7.70176132	0.00000000	0.00000000	-0.87495488
-928.00000000	47.85942857	0.00000000	5.78600565	0.00000000	0.00000000	12.05203008	3.01300752	7.71329925	0.00000000	0.00000000	-0.87495488
-928.00000000	48.04071429	0.00000000	5.79031839	0.00000000	0.00000000	12.07000334	3.01750084	7.72480214	0.00000000	0.00000000	-0.87495488
-928.00000000	48.22200000	0.00000000	5.79461489	0.00000000	0.00000000	12.08792223	3.02198056	7.73627023	0.00000000	0.00000000	-0.87495488
-928.00000000	48.40328571	0.00000000	5.79889527	0.00000000	0.00000000	12.10578709	3.02644677	7.74770374	0.00000000	0.00000000	-0.87495488
-928.00000000	48.58457143	0.00000000	5.80315965	0.00000000	0.00000000	12.12359829	3.03089957	7.75910291	0.00000000	0.00000000	-0.87495488
-928.00000000	48.76585714	0.00000000	5.80740815	0.00000000	0.00000000	12.14135617	3.03533904	7.77046795	0.00000000	0.00000000	-0.87495488
-928.00000000	48.94714286	0.00000000	5.81164088	0.00000000	0.00000000	12.15906108	3.03976527	7.78179909	0.00000000	0.00000000	-0.87495488
-928.00000000	49.12842857	0.00000000	5.81585796	0.00000000	0.00000000	12.17671337	3.04417834	7.79309656	0.00000000	0.00000000	-0.87495488
-928.00000000	49.30971429	0.00000000	5.82005951	0.00000000	0.00000000	12.19431338	3.04857834	7.80436056	0.00000000	0.00000000	-0.87495488
-928.00000000	49.49100000	0.00000000	5.82424564	0.00000000	0.00000000	12.21186143	3.05296536	7.81559132	0.00000000	0.00000000	-0.87495488
-928.00000000	49.67228571	0.00000000	5.82841647	0.00000000	0.00000000	12.22935788	3.05733947	7.82678904	0.00000000	0.00000000	-0.87495488
-928.00000000	49.85357143	0.00000000	5.83257210	0.00000000	0.00000000	12.24680304	3.06170076	7.83795394	0.00000000	0.00000000	-0.87495488
-928.00000000	50.03485714	0.00000000	5.83671265	0.00000000	0.00000000	12.26419724	3.06604931	7.84908624	0.00000000	0.00000000	-0.87495488
-928.00000000	50.21614286	0.00000000	5.84083822	0.00000000	0.00000000	12.28154082	3.07038520	7.86018612	0.00000000	0.00000000	-0.87495488
-928.00000000	50.39742857	0.00000000	5.84494893	0.00000000	0.00000000	12.29883408	3.07470852	7.87125381	0.00000000	0.00000000	-0.87495488
-928.00000000	50.57871429	0.00000000	5.84904488	0.00000000	0.00000000	12.31607735	3.07901934	7.88228950	0.00000000	0.00000000	-0.87495488
-928.00000000	50.76000000	0.00000000	5.85312617	0.00000000	0.00000000	12.33327094	3.08331773	7.89329340	0.00000000	0.00000000	-0.87495488
-928.00000000	50.94128571	0.00000000	5.85719291	0.00000000	0.00000000	12.35041516	3.08760379	7.90426570	0.00000000	0.00000000	-0.87495488
-928.00000000	51.12257143	0.00000000	5.86124520	0.00000000	0.00000000	12.36751032	3.09187758	7.91520661	0.00000000	0.00000000	-0.87495488
-928.00000000	51.30385714	0.00000000	5.86528315	0.00000000	0.00000000	12.38455674	3.09613918	7.92611631	0.00000000	0.00000000	-0.87495488
-928.00000000	51.48514286	0.00000000	5.86930686	0.00000000	0.00000000	12.40155469	3.10038867	7.93699500	0.00000000	0.00000000	-0.87495488
-928.00000000	51.66642857	0.00000000	5.87331643	0.00000000	0.00000000	12.41850450	3.10462613	7.94784288	0.00000000	0.00000000	-0.87495488
-928.00000000	51.84771429	0.00000000	5.87731195	0.00000000	0.00000000	12.43540646	3.10885161	7.95866013	0.00000000	0.00000000	-0.87495488
-928.00000000	52.02900000	0.00000000	5.88129352	0.00000000	0.00000000	12.45226085	3.11306521	7.96944694	0.00000000	0.00000000	-0.87495488
-928.00000000	52.21028571	0.00000000	5.88526125	0.00000000	0.00000000	12.46906797	3.11726699	7.98020350	0.00000000	0.00000000	-0.87495488
-928.00000000	52.39157143	0.00000000	5.88921522	0.00000000	0.00000000	12.48582811	3.12145703	7.99092999	0.00000000	0.00000000	-0.87495488
-928.00000000	52.57285714	0.00000000	5.89315553	0.00000000	0.00000000	12.50254156	3.12563539	8.00162660	0.00000000	0.00000000	-0.87495488
-928.00000000	52.75414286	0.00000000	5.89708228	0.00000000	0.00000000	12.51920860	3.12980215	8.01229350	0.00000000	0.00000000	-0.87495488
-928.00000000	52.93542857	0.00000000	5.90099556	0.00000000	0.00000000	12.53582950	3.13395737	8.02293088	0.00000000	0.00000000	-0.87495488
-928.00000000	53.11671429	0.00000000	5.90489546	0.00000000	0.00000000	12.55240455	3.13810114	8.03353891	0.00000000	0.00000000	-0.87495488
-928.00000000	53.29800000	0.00000000	5.90878207	0.00000000	0.00000000	12.56893402	3.14223350	8.04411777	0.00000000	0.00000000	-0.87495488
-928.00000000	53.47928571	0.00000000	5.91265549	0.00000000	0.00000000	12.58541818	3.14635454	8.05466763	0.00000000	0.00000000	-0.87495488
-928.00000000	53.66057143	0.00000000	5.91651580	0.00000000	0.00000000	12.60185730	3.15046433	8.06518867	0.00000000	0.00000000	-0.87495488
-928.00000000	53.84185714	0.00000000	5.92036309	0.00000000	0.00000000	12.61825166	3.15456292	8.07568106	0.00000000	0.00000000	-0.87495488
-928.00000000	54.02314286	0.00000000	5.92419744	0.00000000	0.00000000	12.63460152	3.15865038	8.08614497	0.00000000	0.00000000	-0.87495488
-928.00000000	54.20442857	0.00000000	5.92801895	0.00000000	0.00000000	12.65090713	3.16272678	8.09658056	0.00000000	0.00000000	-0.87495488
-928.00000000	54.38571429	0.00000000	5.93182770	0.00000000	0.00000000	12.66716876	3.16679219	8.10698801	0.00000000	0.00000000	-0.87495488
-928.00000000	54.56700000	0.00000000	5.93562378	0.00000000	0.00000000	12.68338667	3.17084667	8.11736747	0.00000000	0.00000000	-0.87495488
-928.00000000	54.74828571	0.00000000	5.93940726	0.00000000	0.00000000	12.69956111	3.17489028	8.12771911	0.00000000	0.00000000	-0.87495488
-928.00000000	54.92957143	0.00000000	5.94317824	0.00000000	0.00000000	12.71569234	3.17892308	8.13804310	0.00000000	0.00000000	-0.87495488
-928.00000000	55.11085714	0.00000000	5.94693679	0.00000000	0.00000000	12.73178061	3.18294515	8.14833959	0.00000000	0.00000000	-0.87495488
-928.00000000	55.29214286	0.00000000	5.95068300	0.00000000	0.00000000	12.74782616	3.18695654	8.15860874	0.00000000	0.00000000	-0.87495488
-928.00000000	55.47342857	0.00000000	5.95441695	0.00000000	0.00000000	12.76382924	3.19095731	8.16885071	0.00000000	0.00000000	-0.87495488
-928.00000000	55.65471429	0.00000000	5.95813872	0.00000000	0.00000000	12.77979010	3.19494753	8.17906567	0.00000000	0.00000000	-0.87495488
-928.00000000	55.83600000	0.00000000	5.96184838	0.00000000	0.00000000	12.79570898	3.19892725	8.18925375	0.00000000	0.00000000	-0.87495488
-928.00000000	56.01728571	0.00000000	5.96554601	0.00000000	0.00000000	12.81158612	3.20289653	8.19941512	0.00000000	0.00000000	-0.87495488
-928.00000000	56.19857143	0.00000000	5.96923170	0.00000000	0.00000000	12.82742176	3.20685544	8.20954993	0.00000000	0.00000000	-0.87495488
-928.00000000	56.37985714	0.00000000	5.97290552	0.00000000	0.00000000	12.84321613	3.21080403	8.21965832	0.00000000	0.00000000	-0.87495488
-928.00000000	56.56114286	0.00000000	5.97656755	0.00000000	0.00000000	12.85896947	3.21474237	8.22974046	0.00000000	0.00000000	-0.87495488
-928.00000000	56.74242857	0.00000000	5.98021785	0.00000000	0.00000000	12.87468200	3.21867050	8.23979648	0.00000000	0.00000000	-0.87495488
-928.00000000	56.92371429	0.00000000	5.98385652	0.00000000	0.00000000	12.89035397	3.22258849	8.24982654	0.00000000	0.00000000	-0.87495488
-928.00000000	57.10500000	0.00000000	5.98748361	0.00000000	0.00000000	12.90598558	3.22649640	8.25983077	0.00000000	0.00000000	-0.87495488
-928.00000000	57.28628571	0.00000000	5.99109920	0.00000000	0.00000000	12.92157709	3.23039427	8.26980933	0.00000000	0.00000000	-0.87495488
-928.00000000	57.46757143	0.00000000	5.99470338	0.00000000	0.00000000	12.93712869	3.23428217	8.27976236	0.00000000	0.00000000	-0.87495488
-928.00000000	57.64885714	0.00000000	5.99829620	0.00000000	0.00000000	12.95264062	3.23816016	8.28969000	0.00000000	0.00000000	-0.87495488
-928.00000000	57.83014286	0.00000000	6.00187774	0.00000000	0.00000000	12.96811311	3.24202828	8.29959239	0.00000000	0.00000000	-0.87495488
-928.00000000	58.01142857	0.00000000	6.00544807	0.00000000	0.00000000	12.98354635	3.24588659	8.30946966	0.00000000	0.00000000	-0.87495488
-928.00000000	58.19271429	0.00000000	6.00900726	0.00000000	0.00000000	12.99894058	3.24973514	8.31932197	0.00000000	0.00000000	-0.87495488
-928.00000000	58.37400000	0.00000000	6.01255538	0.00000000	0.00000000	13.01429600	3.25357400	8.32914944	0.00000000	0.00000000	-0.87495488
-928.00000000	58.55528571	0.00000000	6.01609250	0.00000000	0.00000000	13.02961283	3.25740321	8.33895221	0.00000000	0.00000000	-0.87495488
-928.00000000	58.73657143	0.00000000	6.01961869	0.00000000	0.00000000	13.04489128	3.26122282	8.34873042	0.00000000	0.00000000	-0.87495488
-928.00000000	58.91785714	0.00000000	6.02313400	0.00000000	0.00000000	13.06013156	3.26503289	8.35848420	0.00000000	0.00000000	-0.87495488
-928.00000000	59.09914286	0.00000000	6.02663852	0.00000000	0.00000000	13.07533387	3.26883347	8.36821368	0.00000000	0.00000000	-0.87495488
-928.00000000	59.28042857	0.00000000	6.03013231	0.00000000	0.00000000	13.09049843	3.27262461	8.37791899	0.00000000	0.00000000	-0.87495488
-928.00000000	59.46171429	0.00000000	6.03361542	0.00000000	0.00000000	13.10562542	3.27640636	8.38760027	0.00000000	0.00000000	-0.87495488
-928.00000000	59.64300000	0.00000000	6.03708794	0.00000000	0.00000000	13.12071507	3.28017877	8.39725764	0.00000000	0.00000000	-0.87495488
-928.00000000	59.82428571	0.00000000	6.04054991	0.00000000	0.00000000	13.13576756	3.28394189	8.40689124	0.00000000	0.00000000	-0.87495488
-928.00000000	60.00557143	0.00000000	6.04400141	0.00000000	0.00000000	13.15078310	3.28769577	8.41650118	0.00000000	0.00000000	-0.87495488
-928.00000000	60.18685714	0.00000000	6.04744250	0.00000000	0.00000000	13.16576188	3.29144047	8.42608760	0.00000000	0.00000000	-0.87495488
-928.00000000	60.36814286	0.00000000	6.05087324	0.00000000	0.00000000	13.18070410	3.29517602	8.43565062	0.00000000	0.00000000	-0.87495488
-928.00000000	60.54942857	0.00000000	6.05429369	0.00000000	0.00000000	13.19560995	3.29890249	8.44519037	0.00000000	0.00000000	-0.87495488
-928.00000000	60.73071429	0.00000000	6.05770392	0.00000000	0.00000000	13.21047962	3.30261991	8.45470696	0.00000000	0.00000000	-0.87495488
-928.00000000	60.91200000	0.00000000	6.06110398	0.00000000	0.00000000	13.22531331	3.30632833	8.46420052	0.00000000	0.00000000	-0.87495488
-928.00000000	61.09328571	0.00000000	6.06449393	0.00000000	0.00000000	13.24011120	3.31002780	8.47367117	0.00000000	0.00000000	-0.87495488
-928.00000000	61.27457143	0.00000000	6.06787385	0.00000000	0.00000000	13.25487349	3.31371837	8.48311903	0.00000000	0.00000000	-0.87495488
-928.00000000	61.45585714	0.00000000	6.07124377	0.00000000	0.00000000	13.26960035	3.31740009	8.49254422	0.00000000	0.00000000	-0.87495488
-928.00000000	61.63714286	0.00000000	6.07460378	0.00000000	0.00000000	13.28429198	3.32107299	8.50194686	0.00000000	0.00000000	-0.87495488
-928.00000000	61.81842857	0.00000000	6.07795391	0.00000000	0.00000000	13.29894855	3.32473714	8.51132707	0.00000000	0.00000000	-0.87495488
-928.00000000	61.99971429	0.00000000	6.08129423	0.00000000	0.00000000	13.31357024	3.32839256	8.52068496	0.00000000	0.00000000	-0.87495488
-928.00000000	62.18100000	0.00000000	6.08462481	0.00000000	0.00000000	13.32815725	3.33203931	8.53002064	0.00000000	0.00000000	-0.87495488
-928.00000000	62.36228571	0.00000000	6.08794568	0.00000000	0.00000000	13.34270974	3.33567744	8.53933423	0.00000000	0.00000000	-0.87495488
-928.00000000	62.54357143	0.00000000	6.09125692	0.00000000	0.00000000	13.35722789	3.33930697	8.54862585	0.00000000	0.00000000	-0.87495488
-928.00000000	62.72485714	0.00000000	6.09455857	0.00000000	0.00000000	13.37171189	3.34292797	8.55789561	0.00000000	0.00000000	-0.87495488
-928.00000000	62.90614286	0.00000000	6.09785069	0.00000000	0.00000000	13.38616190	3.34654047	8.56714361	0.00000000	0.00000000	-0.87495488
-928.00000000	63.08742857	0.00000000	6.10113334	0.00000000	0.00000000	13.40057809	3.35014452	8.57636998	0.00000000	0.00000000	-0.87495488
-928.00000000	63.26871429	0.00000000	6.10440657	0.00000000	0.00000000	13.41496064	3.35374016	8.58557481	0.00000000	0.00000000	-0.87495488
-928.00000000	63.45000000	0.00000000	6.10767043	0.00000000	0.00000000	13.42930973	3.35732743	8.59475822	0.00000000	0.00000000	-0.87495488
-928.00000000	63.63128571	0.00000000	6.11092499	0.00000000	0.00000000	13.44362551	3.36090638	8.60392032	0.00000000	0.00000000	-0.87495488
-928.00000000	63.81257143	0.00000000	6.11417028	0.00000000	0.00000000	13.45790815	3.36447704	8.61306122	0.00000000	0.00000000	-0.87495488
-928.00000000	63.99385714	0.00000000	6.11740637	0.00000000	0.00000000	13.47215783	3.36803946	8.62218101	0.00000000	0.00000000	-0.87495488
-928.00000000	64.17514286	0.00000000	6.12063330	0.00000000	0.00000000	13.48637471	3.37159368	8.63127981	0.00000000	0.00000000	-0.87495488
-928.00000000	64.35642857	0.00000000	6.12385113	0.00000000	0.00000000	13.50055895	3.37513974	8.64035773	0.00000000	0.00000000	-0.87495488
-928.00000000	64.53771429	0.00000000	6.12705991	0.00000000	0.00000000	13.51471071	3.37867768	8.64941486	0.00000000	0.00000000	-0.87495488
-928.00000000	64.71900000	0.00000000	6.13025968	0.00000000	0.00000000	13.52883016	3.38220754	8.65845130	0.00000000	0.00000000	-0.87495488
-928.00000000	64.90028571	0.00000000	6.13345051	0.00000000	0.00000000	13.54291745	3.38572936	8.66746717	0.00000000	0.00000000	-0.87495488
-928.00000000	65.08157143	0.00000000	6.13663244	0.00000000	0.00000000	13.55697275	3.38924319	8.67646256	0.00000000	0.00000000	-0.87495488
-928.00000000	65.26285714	0.00000000	6.13980551	0.00000000	0.00000000	13.57099622	3.39274905	8.68543758	0.00000000	0.00000000	-0.87495488
-928.00000000	65.44414286	0.00000000	6.14296978	0.00000000	0.00000000	13.58498800	3.39624700	8.69439232	0.00000000	0.00000000	-0.87495488
-928.00000000	65.62542857	0.00000000	6.14612530	0.00000000	0.00000000	13.59894825	3.39973706	8.70332688	0.00000000	0.00000000	-0.87495488
-928.00000000	65.80671429	0.00000000	6.14927212	0.00000000	0.00000000	13.61287714	3.40321928	8.71224137	0.00000000	0.00000000	-0.87495488
-928.00000000	65.98800000	0.00000000	6.15241028	0.00000000	0.00000000	13.62677480	3.40669370	8.72113587	0.00000000	0.00000000	-0.87495488
-928.00000000	66.16928571	0.00000000	6.15553983	0.00000000	0.00000000	13.64064140	3.41016035	8.73001050	0.00000000	0.00000000	-0.87495488
-928.00000000	66.35057143	0.00000000	6.15866081	0.00000000	0.00000000	13.65447708	3.41361927	8.73886533	0.00000000	0.00000000	-0.87495488
-928.00000000	66.53185714	0.00000000	6.16177328	0.00000000	0.00000000	13.66828200	3.41707050	8.74770048	0.00000000	0.00000000	-0.87495488
-928.00000000	66.71314286	0.00000000	6.16487728	0.00000000	0.00000000	13.68205630	3.42051407	8.75651603	0.00000000	0.00000000	-0.87495488
-928.00000000	66.89442857	0.00000000	6.16797286	0.00000000	0.00000000	13.69580012	3.42395003	8.76531208	0.00000000	0.00000000	-0.87495488
-928.00000000	67.07571429	0.00000000	6.17106006	0.00000000	0.00000000	13.70951363	3.42737841	8.77408872	0.00000000	0.00000000	-0.87495488
-928.00000000	67.25700000	0.00000000	6.17413893	0.00000000	0.00000000	13.72319695	3.43079924	8.78284605	0.00000000	0.00000000	-0.87495488
-928.00000000	67.43828571	0.00000000	6.17720951	0.00000000	0.00000000	13.73685024	3.43421256	8.79158415	0.00000000	0.00000000	-0.87495488
-928.00000000	67.61957143	0.00000000	6.18027185	0.00000000	0.00000000	13.75047364	3.43761841	8.80030313	0.00000000	0.00000000	-0.87495488
-928.00000000	67.80085714	0.00000000	6.18332599	0.00000000	0.00000000	13.76406729	3.44101682	8.80900306	0.00000000	0.00000000	-0.87495488
-928.00000000	67.98214286	0.00000000	6.18637197	0.00000000	0.00000000	13.77763133	3.44440783	8.81768405	0.00000000	0.00000000	-0.87495488
-928.00000000	68.16342857	0.00000000	6.18940984	0.00000000	0.00000000	13.79116589	3.44779147	8.82634617	0.00000000	0.00000000	-0.87495488
-928.00000000	68.34471429	0.00000000	6.19243964	0.00000000	0.00000000	13.80467113	3.45116778	8.83498953	0.00000000	0.00000000	-0.87495488
-928.00000000	68.52600000	0.00000000	6.19546142	0.00000000	0.00000000	13.81814718	3.45453679	8.84361420	0.00000000	0.00000000	-0.87495488
-928.00000000	68.70728571	0.00000000	6.19847521	0.00000000	0.00000000	13.83159417	3.45789854	8.85222027	0.00000000	0.00000000	-0.87495488
-928.00000000	68.88857143	0.00000000	6.20148106	0.00000000	0.00000000	13.84501224	3.46125306	8.86080784	0.00000000	0.00000000	-0.87495488
-928.00000000	69.06985714	0.00000000	6.20447901	0.00000000	0.00000000	13.85840153	3.46460038	8.86937698	0.00000000	0.00000000	-0.87495488
-928.00000000	69.25114286	0.00000000	6.20746910	0.00000000	0.00000000	13.87176217	3.46794054	8.87792779	0.00000000	0.00000000	-0.87495488
-928.00000000	69.43242857	0.00000000	6.21045138	0.00000000	0.00000000	13.88509428	3.47127357	8.88646034	0.00000000	0.00000000	-0.87495488
-928.00000000	69.61371429	0.00000000	6.21342588	0.00000000	0.00000000	13.89839802	3.47459950	8.89497473	0.00000000	0.00000000	-0.87495488
-928.00000000	69.79500000	0.00000000	6.21639264	0.00000000	0.00000000	13.91167349	3.47791837	8.90347104	0.00000000	0.00000000	-0.87495488
-928.00000000	69.97628571	0.00000000	6.21935171	0.00000000	0.00000000	13.92492085	3.48123021	8.91194934	0.00000000	0.00000000	-0.87495488
-928.00000000	70.15757143	0.00000000	6.22230312	0.00000000	0.00000000	13.93814021	3.48453505	8.92040973	0.00000000	0.00000000	-0.87495488
-928.00000000	70.33885714	0.00000000	6.22524692	0.00000000	0.00000000	13.95133170	3.48783292	8.92885229	0.00000000	0.00000000	-0.87495488
-928.00000000	70.52014286	0.00000000	6.22818313	0.00000000	0.00000000	13.96449545	3.49112386	8.93727709	0.00000000	0.00000000	-0.87495488
-928.00000000	70.70142857	0.00000000	6.23111181	0.00000000	0.00000000	13.97763159	3.49440790	8.94568422	0.00000000	0.00000000	-0.87495488
-928.00000000	70.88271429	0.00000000	6.23403299	0.00000000	0.00000000	13.99074024	3.49768506	8.95407375	0.00000000	0.00000000	-0.87495488
-928.00000000	71.06400000	0.00000000	6.23694671	0.00000000	0.00000000	14.00382153	3.50095538	8.96244578	0.00000000	0.00000000	-0.87495488
-928.00000000	71.24528571	0.00000000	6.23985300	0.00000000	0.00000000	14.01687558	3.50421889	8.97080037	0.00000000	0.00000000	-0.87495488
-928.00000000	71.42657143	0.00000000	6.24275191	0.00000000	0.00000000	14.02990251	3.50747563	8.97913761	0.00000000	0.00000000	-0.87495488
-928.00000000	71.60785714	0.00000000	6.24564347	0.00000000	0.00000000	14.04290245	3.51072561	8.98745757	0.00000000	0.00000000	-0.87495488
-928.00000000	71.78914286	0.00000000	6.24852772	0.00000000	0.00000000	14.05587552	3.51396888	8.99576033	0.00000000	0.00000000	-0.87495488
-928.00000000	71.97042857	0.00000000	6.25140469	0.00000000	0.00000000	14.06882183	3.51720546	9.00404597	0.00000000	0.00000000	-0.87495488
-928.00000000	72.15171429	0.00000000	6.25427443	0.00000000	0.00000000	14.08174152	3.52043538	9.01231457	0.00000000	0.00000000	-0.87495488
-928.00000000	72.33300000	0.00000000	6.25713697	0.00000000	0.00000000	14.09463469	3.52365867	9.02056620	0.00000000	0.00000000	-0.87495488
