161 points
    66.666667    0.000000    80.000000
    66.666667    1.000000    80.000000
    66.666667    2.000000    80.000000
    66.666667    3.000000    80.000000
    66.666667    4.000000    80.000000
    66.666667    5.000000    80.000000
    66.666667    6.000000    80.000000
    66.666667    7.000000    80.000000
    66.666667    8.000000    80.000000
    66.666667    9.000000    80.000000
    66.666667    10.000000    80.000000
    66.666667    11.000000    80.000000
    66.666667    12.000000    80.000000
    66.666667    13.000000    80.000000
    66.666667    14.000000    80.000000
    66.666667    15.000000    80.000000
    66.666667    16.000000    80.000000
    66.666667    17.000000    80.000000
    66.666667    18.000000    80.000000
    66.666667    19.000000    80.000000
    66.666667    20.000000    80.000000
    66.666667    21.000000    80.000000
    66.666667    22.000000    80.000000
    66.666667    23.000000    80.000000
    66.666667    24.000000    80.000000
    66.666667    25.000000    80.000000
    66.666667    26.000000    80.000000
    66.666667    27.000000    80.000000
    66.666667    28.000000    80.000000
    66.666667    29.000000    80.000000
    66.666667    30.000000    80.000000
    66.666667    31.000000    80.000000
    66.666667    32.000000    80.000000
    66.666667    33.000000    80.000000
    66.666667    34.000000    80.000000
    66.666667    35.000000    80.000000
    66.666667    36.000000    80.000000
    66.666667    37.000000    80.000000
    66.666667    38.000000    80.000000
    66.666667    39.000000    80.000000
    66.666667    40.000000    80.000000
    66.666667    41.000000    80.000000
    66.666667    42.000000    80.000000
    66.666667    43.000000    80.000000
    66.666667    44.000000    80.000000
    66.666667    45.000000    80.000000
    66.666667    46.000000    80.000000
    66.666667    47.000000    80.000000
    66.666667    48.000000    80.000000
    66.666667    49.000000    80.000000
    66.666667    50.000000    80.000000
    66.666667    51.000000    80.000000
    66.666667    52.000000    80.000000
    66.666667    53.000000    80.000000
    66.666667    54.000000    80.000000
    66.666667    55.000000    80.000000
    66.666667    56.000000    80.000000
    66.666667    57.000000    80.000000
    66.666667    58.000000    80.000000
    66.666667    59.000000    80.000000
    66.666667    60.000000    80.000000
    66.666667    61.000000    80.000000
    66.666667    62.000000    80.000000
    66.666667    63.000000    80.000000
    66.666667    64.000000    80.000000
    66.666667    65.000000    80.000000
    66.666667    66.000000    80.000000
    66.666667    67.000000    80.000000
    66.666667    68.000000    80.000000
    66.666667    69.000000    80.000000
    66.666667    70.000000    80.000000
    66.666667    71.000000    80.000000
    66.666667    72.000000    80.000000
    66.666667    73.000000    80.000000
    66.666667    74.000000    80.000000
    66.666667    75.000000    80.000000
    66.666667    76.000000    80.000000
    66.666667    77.000000    80.000000
    66.666667    78.000000    80.000000
    66.666667    79.000000    80.000000
    66.666667    80.000000    80.000000
    66.666667    81.000000    80.000000
    66.666667    82.000000    80.000000
    66.666667    83.000000    80.000000
    66.666667    84.000000    80.000000
    66.666667    85.000000    80.000000
    66.666667    86.000000    80.000000
    66.666667    87.000000    80.000000
    66.666667    88.000000    80.000000
    66.666667    89.000000    80.000000
    66.666667    90.000000    80.000000
    66.666667    91.000000    80.000000
    66.666667    92.000000    80.000000
    66.666667    93.000000    80.000000
    66.666667    94.000000    80.000000
    66.666667    95.000000    80.000000
    66.666667    96.000000    80.000000
    66.666667    97.000000    80.000000
    66.666667    98.000000    80.000000
    66.666667    99.000000    80.000000
    66.666667    100.000000    80.000000
    66.666667    101.000000    80.000000
    66.666667    102.000000    80.000000
    66.666667    103.000000    80.000000
    66.666667    104.000000    80.000000
    66.666667    105.000000    80.000000
    66.666667    106.000000    80.000000
    66.666667    107.000000    80.000000
    66.666667    108.000000    80.000000
    66.666667    109.000000    80.000000
    66.666667    110.000000    80.000000
    66.666667    111.000000    80.000000
    66.666667    112.000000    80.000000
    66.666667    113.000000    80.000000
    66.666667    114.000000    80.000000
    66.666667    115.000000    80.000000
    66.666667    116.000000    80.000000
    66.666667    117.000000    80.000000
    66.666667    118.000000    80.000000
    66.666667    119.000000    80.000000
    66.666667    120.000000    80.000000
    66.666667    121.000000    80.000000
    66.666667    122.000000    80.000000
    66.666667    123.000000    80.000000
    66.666667    124.000000    80.000000
    66.666667    125.000000    80.000000
    66.666667    126.000000    80.000000
    66.666667    127.000000    80.000000
    66.666667    128.000000    80.000000
    66.666667    129.000000    80.000000
    66.666667    130.000000    80.000000
    66.666667    131.000000    80.000000
    66.666667    132.000000    80.000000
    66.666667    133.000000    80.000000
    66.666667    134.000000    80.000000
    66.666667    135.000000    80.000000
    66.666667    136.000000    80.000000
    66.666667    137.000000    80.000000
    66.666667    138.000000    80.000000
    66.666667    139.000000    80.000000
    66.666667    140.000000    80.000000
    66.666667    141.000000    80.000000
    66.666667    142.000000    80.000000
    66.666667    143.000000    80.000000
    66.666667    144.000000    80.000000
    66.666667    145.000000    80.000000
    66.666667    146.000000    80.000000
    66.666667    147.000000    80.000000
    66.666667    148.000000    80.000000
    66.666667    149.000000    80.000000
    66.666667    150.000000    80.000000
    66.666667    151.000000    80.000000
    66.666667    152.000000    80.000000
    66.666667    153.000000    80.000000
    66.666667    154.000000    80.000000
    66.666667    155.000000    80.000000
    66.666667    156.000000    80.000000
    66.666667    157.000000    80.000000
    66.666667    158.000000    80.000000
    66.666667    159.000000    80.000000
    66.666667    160.000000    80.000000
